/*--------------------------------*- C++ -*----------------------------------*\
| =========                 |                                                 |
| \\      /  F ield         | OpenFOAM: The Open Source CFD Toolbox           |
|  \\    /   O peration     | Version:  2.2.2                                 |
|   \\  /    A nd           | Web:      www.OpenFOAM.org                      |
|    \\/     M anipulation  |                                                 |
\*---------------------------------------------------------------------------*/
FoamFile
{
    version     2.0;
    format      ascii;
    class       labelList;
    location    "constant/polyMesh";
    object      faceRegionAddressing;
}
// * * * * * * * * * * * * * * * * * * * * * * * * * * * * * * * * * * * * * //


14193
(
4064
4065
4066
4067
4069
4070
4071
4072
4073
4074
4075
4076
4077
4078
4079
4080
4081
4082
4083
4084
4085
4086
4087
4189
4190
4191
4192
4231
4233
4234
4235
4236
4237
4238
4239
4240
4241
4242
4243
4244
4245
4246
4247
4248
4249
4250
4251
4252
4253
4254
4255
4256
4257
4258
4259
4260
4261
4262
4263
4264
4265
4266
4267
4268
4269
4270
4271
4272
4273
4274
4275
4276
4277
4278
4279
4280
4281
4282
4283
4284
4285
4286
4289
4290
4291
4292
4295
4296
4297
4298
4299
4300
4301
4302
4303
4304
4305
4306
4307
4308
4309
4310
4311
4312
4313
4314
4315
4316
4317
4318
4319
4320
4627
4628
4629
4630
4631
4640
4641
4643
4644
4645
4646
4647
4648
4649
4653
4654
4655
4656
4657
4671
4672
4674
4675
4676
4677
4678
4679
4680
4684
4685
4686
4687
4688
4697
4698
4699
4700
4701
4702
4703
4704
4705
4706
4707
4708
4709
4710
4711
4712
4713
4714
4715
4803
4807
4818
4819
4820
4821
4822
4823
4833
4834
4836
4837
4838
4839
4840
4841
4842
4846
4847
4848
4849
4899
4900
4901
4902
4903
4955
4956
4959
4960
4961
4963
4968
4969
4970
4971
4972
4973
4977
4978
4979
4980
5229
5230
5231
5232
5236
5237
5238
5239
5240
5245
5246
5247
5248
5249
5250
5251
5252
5253
5254
5301
5302
5303
5304
5305
5329
5331
5332
5333
5334
5335
5336
5337
5338
5339
5340
5341
5342
5439
5440
5441
5442
5443
5444
5460
5461
5463
5464
5466
5467
5584
5585
5587
5588
5594
5595
5596
5597
5598
5599
5600
5601
5604
5605
5606
5608
5609
5611
5612
5614
5615
5621
5622
5623
5624
5625
5626
5627
5628
5631
5632
5633
5635
5636
5678
5679
5681
5682
5688
5689
5690
5691
5692
5693
5694
5695
5698
5699
5700
5702
5703
5705
5706
5707
5709
5711
5712
5713
5718
5719
5720
5721
5722
5725
5726
5727
5729
5730
5731
5732
5733
5734
5735
5736
5737
5738
5739
5740
5741
5742
5743
5744
5745
5746
5747
5748
5749
5750
5751
5752
5753
5754
5755
5756
5757
5758
5759
5760
5761
5762
5763
5764
5765
5766
5767
5768
5769
5770
5771
5772
5773
5774
5775
5776
5777
5778
5779
5780
5781
5782
5783
5784
5785
5786
5787
5788
5789
5790
5791
5792
5793
5794
5795
5796
5797
5798
5799
5800
5801
5802
5803
5804
5805
5806
5807
5808
5809
5810
5811
5812
5813
5814
5815
5816
5817
5818
5819
5820
5821
5822
5823
5824
5825
5826
5827
5828
5829
5830
5833
5834
5835
5836
5837
5838
5839
5840
5841
5842
5844
5846
5847
5848
5849
5850
5851
5852
5853
5854
5855
5856
5859
5860
5861
5862
5863
5864
5865
5866
5867
5868
5870
5872
5873
5874
5875
5876
5877
5878
5879
5880
5881
5885
5886
5887
5888
5889
5890
5896
5898
5899
5900
6069
6070
6096
6097
6109
6110
6111
6112
6113
6114
6115
6116
6117
6118
6119
6120
6121
6122
6123
6135
6136
6137
6148
6149
6150
6173
6175
6177
6178
6183
6184
6185
6189
6190
6191
6192
6193
6194
6195
6196
6197
6198
6199
6200
6201
6202
6203
6204
6205
6206
6207
6208
6209
6210
6211
6212
6213
6226
6227
6228
6229
6230
6231
6232
6233
6234
6235
6236
6237
6239
6240
6249
6250
6251
6252
6254
6255
6267
6268
6269
6280
6281
6282
6305
6307
6309
6310
6315
6316
6317
6321
6322
6323
6324
6325
6326
6327
6328
6329
6330
6331
6332
6333
6334
6335
6336
6337
6338
6339
6340
6341
6342
6343
6344
6345
6358
6359
6360
6361
6362
6363
6364
6365
6366
6367
6368
6369
6371
6372
6381
6382
6383
6384
6386
6387
6389
6390
6391
6392
6393
6394
6395
6396
6405
6406
6407
6408
6409
6410
6411
6412
6413
6414
6415
6416
6417
6418
6419
6420
6421
6422
6423
6424
6425
6426
6427
6428
6429
6430
6431
6432
6433
6434
6435
6438
6439
6440
6441
6442
6443
6444
6445
6446
6447
6448
6449
6450
6451
6454
6455
6456
6457
6458
6459
6460
6461
6462
6463
6508
6509
6544
6545
6546
6547
6548
6550
6551
6552
6553
6556
6557
6558
6559
6560
6561
6562
6565
6566
6568
6569
6570
6610
6612
6614
6615
6620
6621
6622
6626
6627
6628
6629
6630
6631
6632
6633
6634
6635
6636
6637
6638
6639
6640
6641
6642
6643
6644
6645
6646
6647
6648
6661
6662
6663
6664
6665
6666
6667
6668
6669
6670
6671
6672
6677
6678
6679
6680
6681
6682
6684
6690
6734
6735
6751
6752
6769
6770
6771
6772
6773
6775
6776
6777
6778
6781
6782
6783
6784
6785
6786
6794
6795
6796
6816
6818
6820
6821
6826
6827
6828
6832
6833
6854
6855
6856
6857
6858
6859
6860
6861
6862
6863
6864
6865
6866
6867
6868
6869
6870
6871
6872
6873
6874
6887
6888
6889
6890
6891
6892
6893
6894
6895
6896
6897
6898
6903
6904
6905
6906
6907
6908
6910
6916
7010
7011
7012
7020
7021
7023
7025
7026
7028
7029
7030
7033
7034
7035
7052
7053
7054
7055
7056
7057
7058
7059
7060
7061
7062
7063
7064
7065
7066
7067
7068
7069
7070
7071
7073
7074
7075
7076
7077
7080
7081
7082
7083
7089
7090
7093
7094
7095
7096
7097
7098
7099
7100
7101
7102
7103
7104
7105
7106
7107
7108
7109
7110
7134
7135
7136
7141
7142
7143
7144
7145
7146
7148
7150
7151
7153
7154
7155
7158
7159
7160
7177
7178
7179
7180
7181
7182
7183
7184
7185
7186
7187
7188
7189
7190
7191
7192
7193
7194
7195
7249
7250
7251
7253
7255
7256
7257
7261
7262
7267
7268
7269
7270
7271
7272
7273
7274
7275
7276
7277
7278
7279
7280
7281
7282
7283
7284
7366
7367
7368
7369
7370
7371
7372
7373
7374
7375
7376
7377
7378
7379
7380
7381
7382
7383
7384
7385
7386
7387
7388
7389
7390
7423
7424
7425
7426
7427
7432
7433
7434
7435
7436
7450
7451
7452
7453
7454
7455
7456
7457
7462
7463
7465
7466
7467
7468
7469
7470
7471
7472
7473
7474
7475
7476
7477
7478
7479
7480
7481
7482
7483
7484
7485
7486
7487
7488
7489
7490
7491
7532
7533
7535
7536
7537
7539
7540
7541
7543
7544
7545
7546
7547
7548
7549
7550
7551
7552
7553
7554
7555
7556
7557
7558
7559
7560
7561
7562
7563
7564
7565
7566
7567
7568
7569
7585
7586
7587
7589
7590
7591
7593
7594
7595
7596
7597
7598
7599
7600
7601
7602
7603
7604
7605
7606
7607
7636
7637
7638
7639
7640
7641
7642
7643
7644
7645
7646
7647
7771
7772
7773
7774
7775
7776
7777
7778
7779
7780
7781
7782
7783
7784
7785
7786
7787
7788
7789
7790
7791
7792
7793
7794
7795
7796
7797
7798
7799
7800
7801
7802
7803
7804
7805
7806
7807
7808
7809
7810
7811
7812
7813
7814
7815
7816
7817
7818
7819
7820
7821
7822
7891
7892
7893
7894
7895
7896
7897
7898
7899
7900
7901
7902
7903
7904
7905
7906
7907
7908
7909
7910
7911
7912
7913
7914
7915
7916
7917
7918
7919
7920
7921
7922
7923
7924
7925
7926
7927
7928
7929
7930
7931
8029
8030
8031
8032
8033
8034
8035
8036
8037
8038
8039
8040
8041
8042
8043
8044
8045
8046
8047
8048
8049
8050
8051
8052
8053
8054
8055
8056
8057
8058
8059
8060
8061
8062
8063
8064
8065
8066
8067
8080
8081
8082
8083
8084
8085
8086
8087
8088
8089
8090
8091
8092
8093
8094
8095
8096
8097
8098
8099
8100
8101
8102
8103
8104
8105
8106
8107
8108
8109
8110
8111
8112
8113
8114
8115
8143
8144
8145
8146
8147
8148
8149
8150
8151
8152
8153
8154
8155
8156
8157
8158
8159
8160
8161
8162
8163
8164
8165
8166
8167
8168
8169
8170
8171
8172
8173
8174
8175
8176
8177
8178
8179
8180
8181
8182
8183
8184
8185
8186
8187
8188
8189
8190
8191
8192
8283
8284
8285
8286
8287
8288
8289
8290
8291
8292
8293
8294
8295
8296
8297
8298
8299
8300
8301
8302
8303
8304
8305
8306
8307
8308
8309
8310
8311
8312
8313
8314
8315
8316
8317
8318
8319
8320
8321
8322
8323
8324
8325
8326
8327
8328
8329
8330
8331
8332
8333
8334
8335
8336
8337
8338
8339
8340
8341
8342
8389
8390
8391
8392
8393
8394
8395
8396
8414
8415
8416
8417
8418
8419
8420
8421
8422
8423
8424
8425
8426
8427
8428
8429
8430
8431
8432
8433
8434
8435
8436
8437
8438
8439
8440
8441
8442
8443
8444
8445
8446
8455
8456
8457
8458
8459
8460
8461
8462
8471
8472
8473
8474
8475
8476
8477
8478
8613
8614
8615
8617
8618
8619
8631
8632
8633
8639
8640
8641
8646
8647
8648
8657
8658
8659
9730
9731
9732
9733
9734
9735
9736
9737
9738
9739
9740
9741
9742
9743
9744
12470
12472
12473
12479
12480
12481
12482
12483
12484
12485
12486
12487
12488
12489
12490
12491
12492
12495
12496
12497
12498
12651
12653
12654
12705
12706
12707
12708
12709
12710
12711
12712
12713
12714
12715
12716
12717
12718
12719
12720
12721
12722
12723
12724
12734
12735
12737
12738
12892
12893
12897
12909
12910
12911
12912
12913
12914
13069
13070
13072
13073
13074
13075
13076
13077
13082
13083
13084
13085
13086
13087
13134
13135
13136
13137
13138
13143
13144
13145
13146
13147
13148
13149
13150
13151
13152
13153
13154
13155
13156
13157
13158
13159
13160
13161
13179
13180
13182
13183
13184
13185
13186
13187
13192
13193
13194
13195
13266
13267
13269
13270
13271
13272
13273
13274
13275
13280
13281
13282
13283
13284
13330
13331
13332
13333
13334
13335
13336
13337
13338
13339
13340
13341
13342
13343
13344
13345
13346
13347
13348
13349
13350
13351
13352
13353
13354
13355
13356
13357
13358
13359
13360
13361
13362
13363
13364
13365
13366
13367
13368
13369
13370
13371
13372
13373
13374
13375
13376
13377
13378
13380
13383
13384
13385
13387
13393
13394
13395
13396
13397
13398
13403
13404
13405
13406
13535
13536
13537
13538
13539
13540
13541
13542
13543
13544
13545
13563
13564
13565
13566
13604
13605
13606
13607
13613
13614
13615
13616
13617
13648
13650
13651
13652
13653
13654
13655
13656
13657
13658
13659
13660
13661
13689
13690
13691
13692
13693
13694
13695
13696
13697
13698
13699
13700
13701
13702
13703
13704
13705
13706
13707
13708
13709
13710
13711
13712
13713
13714
13715
13716
13717
13718
13719
13720
13721
13722
13723
13724
13725
13726
13727
13728
13729
13730
13815
13817
13819
13820
13824
13826
13827
13828
13829
13830
13831
13832
13833
13834
13838
13840
13841
13843
13844
13851
13853
13854
13855
13856
13857
13858
13859
13863
13864
13865
13867
13868
13952
13954
13956
13957
13961
13963
13964
13965
13966
13967
13968
13969
13970
13971
13975
14015
14016
14017
14018
14019
14020
14036
14037
14039
14040
14042
14043
14045
14046
14047
14048
14049
14050
14051
14052
14053
14054
14055
14056
14057
14058
14059
14060
14061
14062
14063
14064
14065
14066
14067
14068
14069
14070
14071
14072
14073
14074
14075
14076
14077
14078
14079
14080
14081
14082
14083
14084
14085
14086
14087
14088
14089
14090
14091
14122
14123
14124
14126
14128
14129
14130
14135
14136
14137
14138
14139
14142
14143
14144
14146
14147
14191
14192
14193
14232
14233
14234
14235
14236
14238
14239
14240
14241
14244
14245
14246
14247
14248
14249
14362
14363
14365
14377
14378
14379
14397
14401
14402
14404
14409
14411
14412
14413
14414
14415
14420
14421
14422
14423
14424
14425
14426
14427
14428
14429
14430
14431
14432
14433
14434
14435
14436
14437
14438
14439
14452
14453
14454
14455
14456
14457
14458
14459
14460
14461
14462
14463
14464
14465
14466
14468
14469
14477
14478
14479
14481
14523
14524
14551
14552
14553
14566
14567
14568
14569
14570
14571
14572
14573
14574
14575
14576
14577
14579
14580
14581
14582
14583
14584
14585
14586
14587
14597
14598
14599
14600
14601
14602
14603
14604
14605
14606
14607
14608
14609
14610
14611
14612
14613
14614
14615
14616
14617
14618
14619
14620
14621
14622
14623
14624
14625
14628
14629
14630
14631
14632
14633
14634
14635
14636
14637
14638
14642
14643
14644
14645
14646
14647
14648
14649
14650
14651
14652
14653
14665
14666
14676
14677
14700
14702
14704
14706
14712
14713
14714
14719
14720
14721
14722
14723
14724
14725
14726
14727
14728
14729
14730
14731
14732
14733
14734
14735
14736
14737
14738
14739
14740
14741
14742
14743
14756
14757
14758
14759
14760
14761
14762
14763
14764
14765
14766
14767
14769
14770
14778
14779
14780
14782
14798
14800
14801
14804
14806
14844
14848
14849
14851
14856
14858
14859
14860
14861
14862
14867
14868
14869
14870
14871
14872
14873
14874
14875
14876
14877
14878
14879
14880
14881
14882
14883
14884
14897
14898
14899
14900
14901
14902
14903
14904
14905
14906
14907
14908
14909
14910
14915
14916
14917
14918
14919
14921
14966
14967
14978
14979
14980
15005
15006
15007
15008
15010
15011
15012
15013
15016
15017
15018
15019
15020
15021
15022
15023
15024
15025
15026
15027
15028
15029
15030
15031
15032
15033
15034
15035
15036
15037
15038
15039
15040
15041
15042
15043
15044
15045
15046
15047
15048
15049
15050
15051
15052
15053
15054
15055
15056
15057
15058
15059
15060
15061
15062
15063
15064
15066
15067
15068
15069
15070
15071
15074
15075
15076
15077
15080
15081
15082
15107
15109
15111
15112
15117
15118
15119
15123
15124
15145
15146
15147
15148
15149
15150
15151
15152
15153
15154
15155
15156
15157
15158
15159
15160
15161
15162
15163
15164
15165
15178
15179
15180
15181
15182
15183
15184
15185
15186
15187
15188
15189
15190
15191
15192
15193
15195
15196
15201
15207
15253
15254
15255
15256
15258
15260
15264
15265
15266
15267
15274
15275
15276
15279
15280
15281
15282
15283
15284
15285
15286
15287
15288
15289
15290
15291
15292
15313
15314
15315
15316
15317
15318
15320
15322
15327
15329
15330
15332
15334
15335
15339
15340
15341
15358
15359
15360
15361
15362
15363
15364
15365
15366
15367
15368
15369
15370
15371
15372
15373
15374
15375
15376
15418
15419
15420
15427
15428
15430
15432
15433
15435
15436
15437
15440
15441
15442
15458
15459
15460
15461
15462
15463
15464
15465
15466
15467
15468
15469
15470
15471
15472
15473
15474
15475
15476
15478
15479
15480
15487
15489
15490
15491
15496
15497
15501
15502
15503
15504
15506
15507
15510
15511
15512
15513
15514
15515
15517
15518
15520
15521
15522
15523
15749
15750
15751
15752
15753
15754
15755
15756
15757
15758
15759
15760
15761
15762
15763
15764
15765
15766
15767
15768
15769
15770
15771
15800
15801
15802
15803
15804
15805
15806
15808
15810
15811
15812
15813
15827
15828
15829
15830
15831
15832
15833
15834
15835
15836
15837
15838
15839
15840
15841
15842
15843
15844
15845
15846
15847
15848
15849
15850
15851
15852
15853
15854
15856
15857
15859
15861
15863
15864
15868
15869
15870
15913
15914
15915
15916
15920
15921
15922
15937
15938
15939
15940
15941
15942
15943
15944
15945
15946
15947
15948
15949
15950
15952
15953
15955
15957
15958
15961
15962
15975
15976
15978
15979
15980
15981
15982
15983
15984
15985
15986
15987
15988
16001
16002
16015
16016
16017
16018
16019
16023
16024
16025
16026
16027
16028
16029
16030
16031
16032
16034
16035
16037
16038
16039
16040
16167
16168
16169
16170
16171
16172
16173
16174
16175
16176
16177
16178
16179
16180
16181
16182
16183
16184
16185
16186
16187
16188
16293
16294
16295
16296
16297
16298
16299
16300
16301
16302
16303
16304
16305
16306
16307
16308
16309
16310
16311
16312
16313
16314
16315
16316
16317
16318
16319
16320
16321
16322
16323
16324
16325
16326
16327
16328
16329
16330
16349
16350
16351
16352
16353
16354
16355
16356
16357
16358
16359
16360
16361
16362
16363
16364
16365
16366
16367
16368
16369
16370
16371
16372
16373
16374
16375
16413
16414
16415
16416
16417
16418
16419
16420
16421
16422
16423
16424
16425
16426
16427
16428
16429
16430
16431
16432
16433
16434
16435
16436
16437
16438
16439
16440
16441
16442
16443
16444
16445
16446
16447
16448
16461
16462
16463
16464
16465
16466
16467
16468
16469
16470
16471
16472
16473
16474
16475
16476
16477
16478
16479
16480
16481
16482
16483
16484
16485
16486
16487
16488
16489
16490
16491
16492
16493
16494
16495
16496
16497
16498
16499
16500
16501
16502
16503
16504
16505
16506
16507
16508
16509
16510
16511
16512
16513
16514
16515
16516
16517
16518
16546
16547
16548
16549
16550
16551
16552
16553
16554
16555
16556
16557
16558
16559
16560
16561
16562
16563
16564
16565
16566
16567
16568
16569
16570
16618
16619
16620
16621
16622
16623
16624
16625
16626
16627
16628
16629
16630
16631
16632
16633
16634
16635
16636
16637
16638
16639
16640
16641
16642
16643
16644
16656
16657
16658
16659
16660
16661
16662
16663
16664
16665
16666
16667
16668
16699
16700
16701
16702
16703
16704
16705
16706
16707
16708
16709
16710
16711
16712
16713
16734
16735
16736
16737
16738
16739
16740
16741
16742
16743
16744
16745
16746
16747
16748
16749
16750
16751
16752
16753
16754
16755
16756
16757
16758
16759
16760
16761
16762
16763
16883
16884
16885
16888
16889
16890
16900
16901
16902
16908
16909
16910
16919
16920
16921
16928
16929
16930
17943
17944
17945
17946
17947
17948
17949
17950
17951
17952
17953
20616
20618
20619
20620
20621
20622
20623
20624
20625
20626
20627
20628
20629
20630
20631
20632
20633
20641
20642
20643
20644
20896
20898
20899
20910
20911
20912
20913
20914
20918
20919
20920
20921
20922
20923
20924
20925
20926
20927
20928
20929
20930
20931
20932
20974
20975
20977
20978
21173
21175
21176
21335
21336
21337
21338
21339
21341
21342
21344
21349
21350
21351
21352
21353
21354
21363
21364
21365
21366
21367
21368
21369
21370
21371
21372
21373
21374
21375
21376
21377
21378
21379
21380
21381
21432
21433
21434
21435
21436
21445
21446
21447
21448
21449
21451
21452
21454
21459
21460
21461
21462
21523
21524
21526
21528
21533
21534
21536
21537
21538
21539
21540
21541
21546
21547
21548
21549
21550
21593
21595
21596
21604
21605
21606
21607
21608
21609
21610
21611
21612
21613
21614
21615
21616
21617
21618
21619
21620
21621
21622
21623
21624
21625
21626
21629
21630
21632
21633
21634
21635
21636
21637
21638
21639
21640
21641
21642
21643
21644
21645
21646
21647
21648
21655
21656
21658
21664
21665
21666
21667
21668
21669
21674
21675
21676
21677
21678
21771
21772
21773
21774
21775
21776
21777
21778
21779
21780
21781
21782
21783
21784
21785
21786
21830
21831
21832
21878
21879
21880
21890
21891
21892
21893
21894
21895
21896
21897
21898
21899
21900
21901
21957
21958
21959
21960
21961
21962
21963
21964
21965
21966
21967
21968
21969
21970
21971
21972
21973
21974
21975
21976
21977
21978
21979
21980
21981
21982
21983
21984
21985
21986
21987
21988
21989
21990
21991
21992
21993
21994
21995
21996
21997
21998
21999
22000
22001
22086
22088
22090
22091
22095
22096
22097
22098
22099
22101
22102
22103
22104
22105
22109
22111
22112
22114
22115
22121
22122
22123
22124
22125
22127
22129
22130
22134
22135
22136
22138
22139
22194
22196
22198
22199
22203
22205
22206
22207
22208
22209
22210
22211
22212
22213
22217
22251
22252
22253
22254
22255
22256
22272
22273
22275
22276
22278
22279
22281
22282
22283
22284
22285
22286
22287
22288
22289
22290
22291
22292
22293
22294
22295
22296
22297
22298
22299
22300
22301
22302
22303
22304
22305
22306
22307
22308
22309
22310
22311
22312
22313
22314
22315
22316
22317
22318
22319
22320
22321
22322
22323
22324
22325
22326
22327
22368
22369
22370
22372
22374
22375
22376
22381
22382
22383
22384
22385
22388
22389
22390
22392
22393
22468
22469
22470
22488
22489
22490
22507
22508
22509
22510
22511
22512
22513
22514
22515
22516
22517
22520
22521
22522
22523
22524
22525
22637
22639
22640
22650
22651
22652
22673
22674
22675
22676
22677
22678
22679
22680
22681
22682
22683
22684
22685
22686
22687
22688
22689
22690
22691
22692
22693
22697
22698
22700
22705
22707
22708
22709
22710
22711
22728
22729
22730
22731
22732
22733
22734
22735
22736
22737
22738
22739
22740
22741
22742
22744
22745
22753
22754
22755
22757
22759
22760
22761
22762
22763
22764
22765
22766
22767
22777
22778
22779
22780
22781
22782
22783
22784
22785
22786
22787
22788
22789
22790
22791
22792
22793
22794
22795
22796
22797
22798
22799
22800
22801
22802
22803
22804
22805
22808
22809
22810
22811
22812
22813
22814
22815
22816
22817
22818
22822
22823
22824
22825
22826
22827
22828
22829
22830
22831
22832
22833
22875
22876
22903
22904
22905
22918
22919
22920
22921
22922
22923
22924
22925
22926
22927
22928
22929
22940
22942
22950
22951
22974
22975
22976
22977
22978
22979
22980
22981
22982
22983
22984
22985
22986
22987
22988
22989
22990
22991
22992
22993
22994
22995
22996
22999
23001
23003
23005
23011
23012
23013
23018
23019
23032
23033
23034
23035
23036
23037
23038
23039
23040
23041
23042
23043
23045
23046
23054
23055
23056
23058
23085
23087
23121
23125
23126
23128
23133
23135
23136
23137
23138
23139
23144
23145
23146
23147
23148
23149
23150
23151
23152
23153
23154
23155
23156
23157
23158
23159
23160
23173
23174
23175
23176
23177
23178
23179
23180
23181
23182
23183
23184
23185
23186
23187
23188
23189
23190
23192
23193
23198
23242
23243
23261
23262
23263
23280
23281
23282
23283
23284
23285
23286
23287
23288
23291
23292
23293
23294
23295
23296
23297
23298
23299
23300
23301
23302
23303
23304
23305
23306
23307
23308
23309
23310
23311
23312
23313
23314
23315
23316
23317
23318
23319
23320
23321
23322
23323
23324
23325
23326
23327
23328
23329
23330
23331
23332
23333
23334
23335
23336
23337
23338
23339
23340
23341
23342
23343
23344
23345
23346
23347
23350
23351
23352
23353
23354
23355
23357
23358
23361
23362
23382
23384
23386
23387
23392
23393
23394
23398
23399
23420
23421
23422
23423
23424
23425
23426
23427
23428
23429
23430
23431
23432
23433
23434
23435
23436
23437
23438
23439
23440
23453
23454
23455
23456
23457
23458
23459
23460
23461
23462
23463
23468
23469
23470
23471
23472
23473
23475
23481
23533
23535
23537
23538
23539
23540
23547
23548
23549
23550
23551
23552
23554
23555
23557
23558
23559
23560
23561
23562
23563
23564
23565
23566
23584
23585
23593
23594
23596
23597
23598
23599
23600
23602
23604
23605
23608
23609
23610
23611
23612
23616
23617
23618
23619
23620
23621
23622
23623
23624
23625
23626
23627
23628
23629
23630
23631
23632
23633
23634
23635
23691
23692
23693
23699
23700
23701
23702
23703
23704
23705
23707
23709
23710
23712
23713
23714
23715
23716
23719
23720
23721
23722
23723
23724
23725
23726
23727
23728
23729
23730
23731
23732
23733
23734
23735
23736
23737
23738
23755
23756
23757
23758
23760
23761
23764
23766
23767
23768
23773
23774
23781
23782
23783
23784
23785
23786
23787
23788
23789
23790
23791
23792
23794
23795
23797
23798
23799
23800
23941
23942
23943
23944
23945
23946
23947
23948
23949
23950
23951
23952
23953
23954
23955
23956
23957
23958
23959
23960
23961
23962
23963
23964
24077
24078
24079
24080
24081
24088
24089
24090
24091
24092
24102
24103
24107
24108
24109
24110
24111
24112
24113
24114
24115
24116
24117
24118
24119
24120
24121
24122
24123
24124
24125
24126
24127
24128
24129
24130
24131
24132
24135
24136
24137
24140
24141
24142
24143
24144
24148
24149
24150
24151
24152
24158
24159
24160
24162
24163
24204
24205
24206
24207
24208
24209
24210
24211
24212
24213
24214
24215
24216
24217
24218
24219
24220
24221
24222
24223
24224
24225
24226
24227
24242
24244
24245
24248
24249
24250
24251
24288
24289
24292
24293
24294
24295
24296
24297
24298
24299
24300
24301
24302
24303
24304
24305
24306
24307
24308
24309
24311
24312
24314
24315
24316
24317
24444
24445
24446
24447
24448
24449
24450
24451
24452
24453
24454
24455
24456
24457
24458
24459
24460
24461
24462
24463
24464
24465
24552
24553
24554
24555
24556
24557
24558
24559
24560
24561
24562
24563
24564
24565
24566
24567
24568
24569
24570
24571
24572
24573
24574
24575
24576
24577
24578
24579
24580
24581
24582
24583
24584
24585
24586
24587
24588
24589
24626
24627
24628
24629
24630
24631
24632
24633
24634
24635
24636
24637
24638
24639
24640
24641
24642
24643
24644
24645
24646
24647
24648
24649
24650
24651
24652
24677
24678
24679
24680
24681
24682
24683
24684
24685
24686
24687
24688
24689
24690
24691
24692
24693
24694
24695
24696
24697
24698
24699
24700
24701
24702
24703
24704
24705
24706
24707
24708
24721
24722
24723
24724
24725
24726
24727
24728
24729
24730
24731
24732
24733
24734
24735
24736
24737
24738
24739
24740
24741
24742
24743
24744
24745
24746
24747
24748
24749
24750
24751
24752
24753
24754
24755
24756
24757
24758
24759
24772
24773
24774
24775
24776
24777
24778
24779
24780
24781
24782
24783
24784
24785
24786
24787
24788
24789
24790
24791
24792
24793
24812
24813
24814
24815
24816
24817
24818
24819
24820
24821
24822
24823
24824
24825
24826
24827
24828
24829
24830
24831
24832
24833
24834
24835
24836
24867
24868
24869
24870
24871
24872
24873
24874
24875
24876
24877
24878
24879
24880
24881
24882
24883
24884
24885
24886
24887
24888
24889
24890
24891
24892
24932
24933
24934
24935
24936
24937
24938
24939
24940
24941
24942
24943
24944
24956
24957
24958
24959
24960
24961
24962
24963
24967
24968
24969
24970
24971
24972
24973
24990
24991
24992
24993
24994
24995
24996
24997
25006
25007
25008
25009
25010
25011
25012
25013
25014
25015
25016
25017
25030
25031
25032
25033
25034
25035
25036
25037
25038
25039
25159
25160
25161
25164
25165
25166
25176
25177
25178
25184
25185
25186
25195
25196
25197
25207
25208
25209
26274
26275
26276
26277
26278
26281
26282
26283
26296
26298
26299
28566
28567
28568
28569
28570
28571
28572
28573
28574
28575
28576
28577
28578
28581
28582
28583
28586
28587
28588
28896
28897
28898
28899
28900
28901
28902
28903
28904
28905
28906
28907
28908
28909
28910
28911
28912
28913
28914
28915
28916
28917
28918
28919
28920
28921
29085
29086
29087
29090
29098
29099
29101
29102
29103
29104
29105
29106
29107
29114
29115
29116
29117
29118
29119
29120
29122
29123
29124
29125
29127
29129
29132
29133
29135
29141
29142
29143
29144
29145
29152
29153
29154
29155
29156
29259
29260
29261
29262
29263
29264
29265
29266
29267
29268
29269
29270
29271
29272
29273
29274
29275
29276
29277
29294
29295
29296
29297
29300
29301
29303
29309
29310
29311
29312
29313
29325
29326
29327
29328
29331
29332
29334
29340
29341
29342
29343
29344
29387
29388
29389
29390
29491
29492
29493
29494
29495
29496
29497
29498
29499
29500
29501
29502
29503
29504
29505
29507
29508
29509
29510
29512
29513
29514
29515
29516
29517
29518
29521
29522
29523
29524
29525
29526
29527
29528
29529
29530
29531
29532
29533
29534
29535
29536
29537
29620
29621
29622
29623
29624
29666
29669
29670
29835
29836
29838
29839
29840
29841
29842
29843
29844
29845
29846
29847
29848
29849
29851
29852
29853
29876
29879
29880
29886
29887
29888
29889
29923
29924
29925
29926
29927
29928
29929
29930
29931
29932
29933
29934
29935
29936
29937
29954
29955
29956
30041
30042
30044
30045
30051
30053
30054
30055
30056
30057
30058
30062
30063
30064
30066
30068
30069
30070
30072
30074
30076
30077
30082
30083
30084
30085
30089
30090
30091
30093
30165
30166
30168
30169
30174
30175
30176
30177
30179
30181
30182
30186
30187
30188
30190
30192
30193
30195
30196
30201
30202
30203
30204
30206
30208
30209
30213
30214
30215
30217
30314
30315
30316
30317
30318
30319
30320
30321
30322
30323
30324
30325
30326
30327
30328
30329
30330
30331
30332
30333
30334
30335
30336
30337
30338
30339
30340
30341
30342
30343
30344
30345
30346
30347
30348
30349
30350
30351
30352
30353
30354
30355
30356
30357
30358
30359
30360
30361
30362
30363
30364
30365
30366
30367
30368
30369
30370
30371
30372
30373
30374
30375
30376
30377
30378
30379
30380
30381
30382
30383
30384
30385
30386
30387
30388
30389
30390
30391
30392
30393
30394
30395
30396
30397
30398
30399
30400
30401
30402
30403
30404
30405
30406
30422
30423
30425
30426
30428
30429
30567
30568
30612
30615
30617
30619
30625
30627
30628
30629
30632
30633
30637
30638
30639
30640
30641
30642
30643
30644
30645
30646
30647
30648
30649
30650
30651
30652
30653
30666
30667
30668
30669
30670
30671
30672
30673
30674
30675
30676
30677
30678
30679
30680
30688
30689
30691
30702
30704
30726
30729
30731
30733
30739
30741
30742
30743
30746
30747
30768
30769
30770
30771
30772
30773
30774
30775
30776
30777
30778
30779
30780
30781
30782
30783
30784
30797
30798
30799
30800
30801
30802
30803
30804
30805
30806
30807
30808
30809
30810
30811
30812
30813
30814
30816
30817
30822
30828
30829
30830
30831
30832
30833
30834
30835
30836
30837
30848
30849
30850
30851
30852
30853
30854
30855
30856
30857
30858
30859
30860
30861
30862
30863
30864
30865
30866
30867
30868
30869
30870
30871
30872
30873
30874
30878
30879
30880
30881
30882
30883
30884
30885
30886
30887
30888
30889
30890
30894
30895
30896
30897
30898
30899
30900
30901
30902
30914
30916
30925
30926
30947
30948
30949
30950
30951
30952
30953
30954
30955
30956
30957
30958
30959
30960
30961
30962
30963
30964
30965
30966
30969
30971
30973
30975
30982
30983
30984
30985
30991
30992
31005
31006
31007
31008
31009
31010
31011
31012
31013
31014
31015
31016
31017
31018
31019
31021
31022
31029
31030
31043
31045
31054
31055
31076
31077
31078
31079
31080
31081
31082
31083
31084
31085
31086
31087
31088
31089
31090
31091
31092
31093
31094
31095
31098
31100
31102
31104
31111
31112
31113
31114
31120
31121
31134
31135
31136
31137
31138
31139
31140
31141
31142
31143
31144
31145
31146
31147
31148
31150
31151
31158
31159
31199
31200
31226
31227
31239
31240
31241
31242
31243
31244
31245
31246
31247
31272
31273
31274
31275
31276
31277
31278
31280
31281
31282
31283
31284
31285
31286
31287
31288
31289
31290
31291
31292
31294
31295
31296
31297
31298
31299
31300
31301
31303
31304
31305
31306
31307
31308
31309
31310
31311
31312
31313
31314
31315
31317
31318
31319
31320
31321
31322
31323
31324
31325
31326
31327
31328
31329
31330
31331
31332
31333
31334
31338
31340
31341
31342
31382
31399
31400
31415
31416
31417
31418
31420
31421
31422
31423
31426
31427
31428
31429
31468
31484
31485
31500
31501
31502
31503
31504
31505
31506
31507
31508
31511
31512
31513
31514
31516
31517
31526
31527
31528
31529
31538
31539
31540
31546
31547
31548
31549
31550
31551
31552
31553
31555
31557
31558
31559
31618
31619
31626
31627
31629
31630
31631
31632
31633
31635
31637
31638
31641
31642
31643
31644
31645
31649
31650
31651
31652
31653
31654
31655
31656
31657
31658
31659
31660
31661
31662
31663
31664
31665
31666
31667
31688
31689
31690
31694
31696
31697
31698
31704
31705
31706
31710
31711
31712
31714
31715
31718
31719
31720
31721
31722
31723
31725
31727
31728
31729
31734
31735
31747
31748
31755
31756
31758
31759
31760
31761
31762
31764
31766
31767
31770
31771
31772
31773
31774
31778
31779
31780
31781
31782
31783
31784
31785
31786
31787
31788
31789
31790
31791
31792
31793
31794
31795
31796
31797
31944
31945
31946
31947
31948
31949
31950
31951
31952
31953
31954
31955
31956
31957
31958
31959
31960
31961
32098
32099
32100
32101
32102
32103
32104
32105
32106
32107
32108
32109
32110
32111
32112
32113
32114
32115
32116
32117
32118
32119
32120
32121
32122
32123
32140
32141
32143
32144
32145
32146
32147
32148
32149
32150
32151
32152
32153
32154
32155
32166
32167
32168
32202
32203
32204
32205
32206
32211
32212
32213
32214
32215
32216
32217
32218
32219
32220
32221
32223
32225
32226
32227
32246
32250
32253
32254
32256
32257
32258
32259
32274
32275
32276
32277
32278
32279
32280
32281
32282
32283
32284
32285
32286
32287
32288
32289
32294
32295
32297
32298
32299
32300
32301
32302
32303
32304
32305
32306
32307
32308
32309
32310
32311
32312
32315
32316
32318
32319
32320
32321
32401
32402
32403
32404
32405
32406
32407
32408
32409
32410
32411
32412
32413
32414
32415
32416
32417
32418
32515
32516
32517
32518
32519
32520
32521
32522
32523
32524
32525
32526
32527
32528
32529
32530
32531
32532
32533
32534
32535
32536
32537
32538
32539
32540
32541
32542
32543
32544
32545
32546
32547
32548
32549
32568
32569
32570
32571
32572
32573
32574
32575
32576
32577
32578
32579
32580
32581
32582
32583
32584
32585
32586
32587
32588
32589
32590
32591
32592
32593
32594
32673
32674
32675
32676
32677
32678
32679
32680
32681
32682
32683
32684
32685
32686
32687
32688
32689
32690
32691
32692
32693
32694
32695
32696
32697
32698
32699
32700
32701
32702
32703
32704
32705
32706
32707
32708
32721
32722
32723
32724
32725
32726
32727
32728
32729
32730
32731
32732
32733
32734
32735
32736
32737
32738
32739
32740
32741
32742
32743
32744
32745
32746
32747
32748
32749
32750
32751
32752
32753
32754
32755
32756
32796
32797
32798
32799
32800
32801
32802
32803
32804
32805
32806
32807
32808
32809
32810
32811
32812
32813
32814
32815
32816
32817
32818
32819
32820
32821
32822
32823
32824
32825
32826
32827
32828
32829
32830
32831
32832
32833
32834
32835
32836
32837
32838
32839
32840
32841
32842
32843
32844
32845
32846
32847
32848
32849
32885
32886
32887
32888
32889
32890
32891
32892
32893
32894
32895
32896
32897
32922
32923
32924
32925
32926
32927
32928
32929
32930
32931
32932
32933
32934
32935
32936
32937
32938
32939
32940
32941
32942
32943
32944
32945
32946
32947
32948
32949
32950
32951
32952
32953
32954
32955
32956
32957
33070
33071
33072
33074
33075
33076
33083
33084
33085
33092
33093
33094
33100
33101
33102
33111
33112
33113
33205
33206
33207
33208
33209
33210
35575
35577
35579
35580
35672
35674
35675
35677
35678
35679
35680
35681
35682
35683
35684
35685
35686
35687
35688
35689
35690
35691
35692
35693
35694
35695
35696
35697
35698
35699
35700
35701
35702
35703
35707
35708
35709
35710
35711
35712
35713
35714
35715
35716
35717
35718
35719
35720
35721
35722
36057
36058
36060
36061
36062
36064
36065
36066
36067
36068
36069
36070
36071
36072
36073
36074
36075
36076
36077
36078
37079
37080
37212
37213
37214
37215
37216
37217
37335
37336
37337
37338
37339
37340
37341
37342
37349
37350
37352
37357
37358
37359
37360
37361
37362
37363
37364
37365
37366
37367
37368
37369
37370
37371
37372
37373
37374
37375
37376
37377
37378
37379
37380
37381
37382
37383
37384
37385
37386
37391
37392
37393
37394
37395
37396
37397
37398
37399
37400
37401
37492
37493
37494
37495
37496
37506
37507
37508
37509
37510
37517
37518
37519
37521
37522
37523
37524
37538
37539
37540
37541
37542
37543
37544
37545
37552
37553
37555
37560
37561
37562
37563
37564
37565
37608
37609
37610
37611
37612
37613
37614
37615
37616
37617
37618
37619
37620
37621
37622
37623
37624
37625
37626
37627
37628
37629
37630
37635
37636
37637
37638
37639
37640
37641
37642
37643
37644
37645
37687
37688
37689
37690
37691
37750
37751
37752
37753
37754
37756
37757
37758
37765
37766
37767
37768
37777
37778
37779
37780
37781
37782
37783
37784
37785
37786
37787
37788
37789
37790
37791
37792
37794
37795
37796
37798
37799
37800
37802
37803
37804
37805
37806
37807
37808
37809
37810
37811
37812
37813
37814
37815
37816
37817
37818
37936
37937
37938
37940
37941
37942
37943
37944
37945
37951
37952
37953
37954
37955
37971
37972
37973
37975
37976
37977
37978
37979
37980
37986
37987
37988
37989
37990
38005
38006
38007
38008
38009
38010
38011
38012
38013
38014
38016
38017
38018
38019
38020
38021
38022
38023
38024
38176
38177
38178
38179
38180
38181
38182
38183
38189
38190
38191
38198
38199
38200
38201
38202
38203
38204
38205
38206
38207
38208
38209
38210
38211
38212
38213
38214
38215
38216
38217
38218
38219
38220
38221
38222
38223
38224
38225
38226
38227
38228
38229
38230
38231
38232
38233
38234
38235
38236
38237
38238
38239
38240
38241
38242
38243
38244
38245
38246
38247
38248
38249
38250
38251
38252
38337
38338
38339
38340
38341
38342
38343
38344
38345
38346
38347
38348
38349
38350
38351
38356
38358
38359
38360
38361
38362
38363
38394
38396
38397
38399
38400
38401
38402
38403
38404
38410
38413
38414
38415
38416
38417
38421
38423
38434
38435
38436
38437
38438
38447
38448
38449
38451
38452
38453
38454
38455
38456
38457
38458
38459
38460
38461
38462
38463
38464
38466
38471
38472
38474
38476
38477
38478
38509
38511
38512
38513
38515
38516
38517
38518
38519
38520
38523
38524
38530
38531
38532
38536
38538
38539
38540
38541
38542
38543
38544
38560
38561
38563
38564
38566
38567
38569
38570
38571
38572
38573
38574
38575
38576
38577
38578
38579
38580
38581
38582
38583
38584
38585
38586
38587
38588
38589
38590
38591
38592
38593
38594
38595
38596
38597
38598
38599
38600
38601
38602
38603
38604
38605
38606
38607
38608
38609
38610
38611
38612
38613
38614
38615
38616
38617
38618
38619
38620
38621
38622
38623
38624
38625
38626
38627
38628
38629
38630
38631
38632
38633
38634
38635
38636
38637
38638
38639
38640
38641
38642
38643
38644
38645
38646
38647
38648
38649
38650
38651
38652
38653
38654
38655
38656
38657
38658
38659
38660
38661
38662
38663
38664
38665
38666
38667
38668
38669
38670
38671
38672
38673
38674
38675
38676
38677
38678
38787
38789
38790
38791
38793
38795
38796
38797
38798
38799
38800
38801
38806
38807
38808
38811
38813
38814
38816
38817
38818
38820
38822
38823
38824
38825
38826
38827
38828
38833
38834
38835
38838
38840
38877
38878
38879
38880
38881
38882
38883
38884
38885
38886
38887
38888
38890
38891
38892
38933
38934
38935
38963
38964
38965
38983
38984
38985
38986
38987
38988
38989
38990
38991
38992
38993
38994
38995
38996
38997
39108
39109
39110
39111
39118
39119
39120
39121
39123
39124
39125
39128
39129
39130
39131
39132
39133
39135
39136
39137
39138
39139
39141
39142
39143
39144
39145
39146
39147
39148
39149
39150
39151
39152
39153
39154
39155
39156
39157
39158
39159
39160
39182
39183
39187
39191
39192
39194
39199
39201
39202
39203
39204
39205
39222
39223
39224
39225
39226
39227
39228
39229
39230
39231
39232
39233
39234
39235
39236
39237
39238
39239
39240
39241
39242
39243
39244
39245
39246
39247
39248
39249
39250
39251
39252
39253
39254
39255
39257
39258
39259
39260
39263
39264
39266
39272
39273
39274
39275
39276
39277
39278
39279
39280
39281
39282
39286
39287
39288
39289
39290
39291
39292
39293
39294
39336
39337
39359
39360
39361
39379
39380
39381
39382
39383
39384
39385
39386
39387
39388
39389
39390
39408
39409
39415
39416
39417
39418
39420
39421
39422
39423
39424
39425
39426
39427
39428
39429
39430
39431
39432
39433
39434
39435
39436
39437
39459
39461
39463
39466
39468
39469
39470
39477
39478
39481
39482
39483
39484
39485
39486
39487
39488
39489
39490
39491
39492
39511
39512
39513
39519
39539
39541
39542
39543
39546
39547
39548
39549
39550
39551
39553
39554
39555
39556
39557
39559
39560
39561
39562
39563
39564
39565
39566
39567
39568
39569
39570
39571
39572
39573
39574
39575
39576
39577
39578
39600
39601
39605
39609
39610
39612
39617
39619
39620
39621
39622
39623
39640
39641
39642
39643
39644
39645
39646
39647
39648
39649
39650
39651
39652
39653
39654
39740
39741
39742
39743
39744
39745
39746
39747
39748
39749
39750
39751
39752
39753
39754
39755
39756
39757
39758
39759
39761
39762
39763
39766
39767
39769
39774
39776
39777
39778
39779
39780
39781
39782
39783
39784
39785
39789
39790
39791
39792
39793
39794
39795
39796
39797
39839
39840
39862
39863
39864
39882
39883
39884
39885
39886
39887
39888
39889
39890
39891
39892
39893
39911
39912
39918
39919
39920
39921
39923
39924
39925
39926
39927
39928
39929
39930
39931
39932
39933
39934
39935
39936
39937
39938
39939
39940
39942
39944
39946
39949
39951
39952
39953
39960
39961
39984
39985
39986
39987
39988
39989
39990
39991
39992
39993
39994
39995
40014
40015
40016
40022
40023
40024
40025
40026
40027
40030
40031
40032
40033
40034
40035
40036
40037
40038
40039
40040
40041
40042
40043
40044
40045
40046
40047
40050
40051
40052
40053
40054
40055
40056
40057
40058
40059
40060
40061
40062
40063
40064
40065
40066
40067
40070
40071
40072
40073
40074
40075
40076
40077
40078
40079
40080
40081
40082
40120
40121
40122
40134
40135
40136
40141
40143
40145
40147
40149
40150
40151
40157
40158
40160
40161
40162
40163
40164
40165
40166
40167
40168
40169
40170
40171
40172
40173
40174
40175
40176
40177
40178
40179
40180
40181
40182
40203
40204
40205
40206
40207
40208
40209
40210
40211
40212
40213
40214
40227
40229
40234
40235
40236
40237
40242
40244
40252
40253
40254
40266
40267
40268
40273
40275
40277
40279
40281
40282
40283
40289
40290
40292
40293
40294
40295
40296
40297
40298
40299
40300
40301
40302
40303
40304
40305
40306
40307
40308
40309
40310
40311
40312
40313
40314
40335
40336
40337
40338
40339
40340
40341
40342
40343
40344
40345
40346
40359
40361
40366
40367
40368
40369
40374
40376
40377
40378
40380
40381
40382
40383
40384
40385
40394
40395
40396
40397
40401
40402
40403
40404
40405
40406
40407
40408
40409
40410
40411
40412
40414
40415
40416
40417
40419
40420
40421
40423
40424
40425
40426
40427
40428
40429
40430
40434
40435
40436
40437
40438
40439
40441
40442
40444
40445
40446
40447
40448
40449
40453
40454
40455
40456
40457
40458
40460
40461
40463
40464
40547
40548
40549
40550
40551
40552
40553
40554
40555
40556
40557
40558
40559
40560
40570
40571
40572
40600
40601
40602
40603
40604
40605
40606
40607
40608
40609
40610
40611
40612
40613
40614
40615
40682
40683
40684
40685
40686
40687
40688
40689
40690
40691
40692
40693
40694
40695
40696
40697
40698
40699
40700
40701
40702
40703
40704
40705
40706
40707
40708
40709
40710
40711
40712
40713
40714
40715
40716
40717
40718
40719
40720
40721
40722
40723
40724
40725
40726
40727
40728
40729
40730
40731
40732
40733
40734
40735
40736
40737
40738
40739
40740
40741
40742
40743
40744
40745
40746
40747
40748
40749
40750
40751
40752
40753
40754
40755
40756
40757
40758
40759
40760
40761
40762
40763
40764
40765
40766
40767
40768
40769
40770
40771
40772
40773
40774
40775
40776
40777
40778
40875
40876
40945
40946
40947
40948
40949
40950
40951
40952
40953
40954
40955
40956
40957
40958
40959
40960
40961
40962
40963
40964
40965
40966
40967
40968
40969
40970
40971
40972
40973
40974
40975
40976
40977
40978
40979
40980
40981
40982
40983
40984
40985
41029
41030
41031
41032
41033
41034
41035
41036
41037
41038
41039
41040
41041
41042
41043
41044
41045
41046
41047
41048
41049
41050
41051
41052
41053
41054
41055
41056
41057
41058
41059
41060
41061
41062
41063
41064
41065
41066
41067
41068
41069
41113
41114
41115
41116
41117
41118
41119
41120
41121
41122
41123
41124
41125
41126
41127
41128
41129
41130
41131
41132
41133
41134
41135
41136
41137
41138
41139
41140
41141
41142
41143
41144
41145
41146
41147
41148
41149
41150
41151
41152
41153
41154
41155
41156
41157
41158
41159
41160
41161
41162
41163
41164
41165
41166
41167
41168
41169
41170
41171
41172
41173
41174
41175
41176
41177
41178
41179
41180
41233
41234
41237
41238
41239
41240
41241
41242
41243
41244
41245
41246
41247
41257
41258
41259
41260
41261
41262
41263
41264
41265
41266
41267
41268
41269
41270
41271
41272
41273
41274
41484
41485
41486
41487
41489
41491
41492
41598
41600
41601
43704
43706
43707
43708
43722
43724
43726
43834
43835
43836
43837
43838
43839
43840
43841
43842
43843
43844
43845
43846
43847
43848
43849
43850
43851
43852
43853
43854
43855
43856
43857
43858
43859
43865
43866
43867
43868
43869
43870
43871
43872
43873
43874
43875
43882
43883
43884
43885
43886
43887
43902
43903
43905
44192
44193
44194
44195
44196
44197
44198
44199
44200
44201
44202
44203
44204
44206
44207
44209
45225
45226
45233
45234
45235
45236
45281
45282
45283
45284
45285
45305
45306
45308
45315
45316
45317
45318
45319
45320
45329
45330
45331
45333
45334
45335
45336
45337
45343
45344
45345
45346
45347
45348
45410
45411
45412
45413
45414
45415
45416
45417
45418
45419
45420
45421
45422
45423
45424
45425
45426
45427
45433
45434
45435
45436
45437
45438
45439
45440
45441
45442
45443
45452
45453
45454
45455
45456
45458
45460
45461
45468
45469
45471
45477
45478
45479
45480
45481
45532
45533
45534
45535
45542
45543
45544
45546
45547
45548
45549
45550
45593
45594
45595
45596
45646
45647
45648
45649
45650
45651
45652
45653
45654
45655
45656
45657
45658
45659
45660
45662
45664
45665
45667
45669
45670
45673
45675
45676
45677
45678
45679
45680
45681
45682
45683
45684
45685
45686
45687
45688
45689
45690
45691
45692
45693
45747
45748
45749
45750
45751
45752
45753
45754
45755
45756
45757
45758
45759
45760
45761
45763
45764
45765
45766
45767
45773
45774
45775
45776
45777
45778
45779
45780
45781
45782
45783
45867
45868
45869
45870
45881
45882
45883
45884
45885
45887
45888
45889
45897
45898
45899
45900
46035
46036
46037
46038
46055
46056
46057
46058
46059
46060
46061
46062
46063
46064
46066
46067
46068
46069
46070
46071
46072
46073
46074
46090
46091
46092
46094
46095
46096
46097
46098
46105
46106
46107
46108
46306
46307
46308
46311
46312
46313
46314
46315
46325
46326
46327
46332
46333
46334
46336
46337
46338
46339
46340
46341
46347
46348
46350
46354
46355
46356
46357
46359
46361
46362
46363
46365
46368
46369
46370
46371
46372
46373
46378
46379
46380
46384
46421
46422
46423
46424
46425
46426
46427
46428
46430
46431
46432
46433
46434
46435
46437
46439
46440
46441
46442
46443
46454
46455
46456
46457
46458
46467
46468
46469
46471
46502
46504
46505
46507
46508
46509
46510
46511
46516
46519
46520
46521
46522
46523
46527
46564
46565
46566
46567
46568
46569
46570
46571
46572
46573
46574
46575
46576
46577
46578
46579
46580
46581
46582
46583
46584
46585
46586
46587
46588
46589
46590
46591
46592
46593
46594
46595
46596
46597
46598
46599
46600
46601
46602
46603
46604
46605
46606
46607
46608
46609
46610
46611
46612
46613
46614
46615
46616
46617
46618
46619
46620
46621
46622
46623
46624
46625
46626
46627
46628
46629
46630
46631
46632
46633
46634
46635
46636
46637
46638
46639
46640
46641
46642
46643
46644
46645
46646
46647
46648
46649
46650
46651
46652
46653
46654
46655
46656
46657
46658
46659
46660
46661
46662
46663
46664
46665
46666
46667
46668
46669
46670
46671
46672
46673
46689
46690
46692
46693
46695
46696
46698
46699
46700
46701
46702
46703
46704
46705
46706
46707
46708
46709
46710
46711
46712
46713
46714
46715
46716
46717
46718
46719
46720
46721
46722
46723
46724
46725
46726
46727
46728
46729
46730
46731
46732
46733
46734
46735
46736
46737
46738
46739
46740
46741
46742
46743
46744
46745
46746
46747
46748
46749
46750
46751
46752
46809
46811
46812
46813
46815
46816
46817
46818
46819
46820
46823
46824
46830
46831
46832
46836
46838
46887
46889
46890
46891
46893
46896
46897
46898
46899
46900
46901
46902
46908
46909
46910
46914
46916
46963
46965
46966
46967
46968
46969
46970
46971
46972
46973
47061
47062
47063
47065
47066
47067
47068
47069
47070
47071
47072
47073
47074
47075
47076
47077
47078
47079
47080
47081
47082
47083
47089
47090
47091
47092
47105
47106
47144
47145
47150
47153
47155
47157
47163
47165
47166
47167
47170
47171
47187
47188
47189
47190
47191
47192
47193
47194
47195
47196
47197
47198
47199
47200
47201
47209
47210
47212
47226
47227
47228
47232
47235
47237
47240
47241
47243
47244
47245
47251
47252
47258
47259
47260
47261
47262
47263
47264
47265
47266
47267
47268
47269
47270
47271
47272
47273
47274
47275
47276
47277
47295
47296
47297
47298
47299
47300
47301
47302
47303
47304
47305
47306
47307
47308
47309
47322
47324
47329
47330
47331
47335
47337
47338
47339
47340
47341
47342
47343
47344
47345
47346
47347
47348
47353
47354
47355
47356
47358
47359
47360
47361
47365
47366
47369
47375
47376
47377
47378
47379
47380
47381
47382
47383
47384
47385
47389
47390
47391
47392
47393
47394
47395
47415
47416
47417
47418
47419
47420
47421
47422
47423
47424
47425
47426
47427
47428
47429
47430
47431
47432
47433
47434
47435
47436
47437
47439
47440
47441
47445
47446
47447
47448
47450
47451
47453
47456
47457
47477
47483
47485
47487
47489
47496
47497
47498
47499
47505
47506
47519
47520
47521
47522
47523
47524
47525
47526
47527
47528
47529
47530
47531
47532
47533
47553
47554
47561
47562
47563
47564
47566
47567
47568
47569
47570
47571
47572
47573
47574
47575
47576
47577
47578
47579
47580
47599
47601
47603
47606
47608
47609
47610
47611
47620
47621
47624
47625
47626
47627
47628
47629
47630
47631
47632
47633
47634
47635
47636
47637
47638
47657
47658
47701
47702
47724
47725
47741
47742
47743
47744
47745
47746
47747
47748
47749
47778
47779
47780
47781
47782
47786
47787
47788
47789
47790
47791
47792
47793
47794
47795
47796
47797
47798
47800
47801
47802
47803
47804
47805
47809
47810
47811
47812
47813
47814
47815
47816
47817
47818
47819
47820
47821
47823
47824
47825
47826
47827
47828
47833
47834
47835
47836
47837
47838
47839
47840
47841
47842
47843
47844
47845
47847
47849
47850
47851
47852
47853
47854
47855
47856
47857
47858
47859
47860
47861
47862
47863
47867
47868
47869
47871
47872
47873
47874
47875
47876
47877
47878
47879
47881
47882
47883
47884
47885
47886
47887
47888
47890
47891
47893
47894
47895
47896
47898
47899
47900
47904
47905
47907
47913
47916
47917
47918
47919
47920
47921
47922
47923
47924
47926
47931
47932
47933
47934
47935
47937
47938
47939
47940
48034
48054
48055
48072
48073
48074
48075
48076
48077
48078
48079
48080
48081
48082
48083
48101
48102
48108
48109
48110
48111
48113
48114
48115
48116
48117
48118
48119
48120
48121
48122
48123
48124
48125
48126
48127
48128
48129
48130
48131
48134
48136
48139
48140
48142
48143
48148
48149
48174
48175
48176
48177
48178
48179
48180
48181
48182
48183
48184
48185
48204
48205
48206
48212
48261
48285
48286
48303
48304
48305
48306
48307
48308
48309
48310
48311
48312
48313
48314
48315
48316
48318
48319
48320
48321
48322
48323
48324
48334
48335
48336
48337
48338
48342
48343
48344
48345
48346
48347
48348
48349
48350
48351
48352
48354
48355
48356
48358
48359
48360
48362
48363
48364
48365
48366
48367
48368
48372
48373
48374
48375
48376
48378
48380
48381
48382
48383
48384
48389
48390
48391
48392
48393
48394
48395
48397
48398
48399
48401
48402
48410
48411
48422
48423
48427
48430
48432
48435
48436
48438
48439
48444
48445
48450
48451
48452
48453
48454
48455
48456
48457
48458
48459
48460
48461
48462
48463
48464
48465
48466
48467
48468
48469
48470
48471
48472
48493
48494
48495
48496
48497
48498
48499
48500
48501
48502
48503
48504
48517
48519
48523
48524
48525
48531
48622
48623
48624
48625
48626
48627
48628
48629
48630
48635
48636
48637
48638
48639
48640
48643
48644
48645
48646
48647
48648
48649
48651
48652
48653
48654
48701
48702
48703
48704
48705
48706
48707
48708
48709
48710
48711
48712
48713
48714
48715
48716
48717
48718
48780
48781
48782
48783
48784
48785
48786
48787
48788
48789
48790
48791
48792
48793
48794
48795
48796
48797
48798
48799
48800
48801
48802
48803
48804
48805
48806
48807
48808
48809
48810
48811
48812
48813
48814
48815
48816
48817
48818
48819
48820
48821
48822
48823
48824
48825
48826
48827
48828
48829
48830
48831
48832
48833
48834
48835
48836
48837
48838
48839
48840
48841
48842
48843
48844
48845
48846
48847
48848
48849
48850
48851
48852
48853
48854
48871
48872
48873
48874
48875
48876
48877
48878
48879
48880
48881
48882
48883
48884
48885
48886
48992
48993
48994
48995
48996
49006
49007
49008
49009
49010
49011
49012
49013
49014
49015
49016
49017
49018
49019
49020
49021
49022
49023
49024
49025
49026
49027
49028
49029
49030
49031
49032
49033
49034
49035
49036
49037
49038
49039
49040
49041
49042
49043
49084
49085
49086
49087
49088
49089
49090
49091
49092
49093
49094
49095
49096
49097
49098
49099
49100
49101
49102
49103
49104
49105
49106
49107
49108
49109
49110
49120
49121
49122
49123
49124
49125
49126
49127
49128
49129
49130
49131
49132
49133
49134
49135
49136
49137
49138
49139
49140
49141
49142
49143
49144
49206
49207
49208
49209
49210
49211
49212
49213
49214
49215
49216
49217
49218
49219
49220
49221
49222
49223
49224
49225
49226
49227
49228
49229
49230
49231
49232
49233
49234
49235
49236
49237
49238
49239
49240
49241
49242
49243
49291
49292
49311
49312
49313
49314
49315
49316
49317
49318
49319
49320
49321
49322
49323
49324
49325
49326
49327
49328
49329
49330
49331
49332
49333
49334
49335
49336
49337
49338
49339
49340
49341
49342
49343
49344
49345
49346
49347
49348
49349
49350
49351
49352
49353
49363
49364
49365
49366
49496
49497
49498
49499
49500
49501
49502
49503
49504
49515
49521
49547
49548
49549
49550
49571
49572
49573
49641
49643
49644
51775
51777
51779
51791
51792
51793
51794
51795
51796
51797
51798
51799
51800
51801
51802
51803
51804
51805
51806
51807
51808
51809
51810
51811
51812
51813
51814
51815
51816
51817
51818
51819
51820
51821
51822
51823
51824
51825
51826
51827
51833
51834
51835
51836
51837
51838
51961
51962
51964
52190
52191
52192
52193
52194
52195
52196
52197
52198
52199
52200
52201
52202
52207
52208
52210
53405
53406
53407
53408
53409
53410
53419
53420
53421
53423
53424
53425
53426
53427
53428
53441
53442
53443
53444
53445
53448
53449
53450
53457
53458
53459
53460
53461
53462
53474
53475
53476
53477
53478
53479
53480
53481
53482
53483
53484
53485
53486
53487
53488
53489
53490
53491
53492
53493
53494
53495
53501
53502
53503
53504
53505
53506
53507
53508
53509
53510
53511
53559
53560
53561
53562
53569
53570
53572
53579
53580
53581
53583
53584
53585
53586
53587
53643
53644
53645
53646
53653
53654
53655
53657
53658
53659
53660
53661
53699
53700
53701
53702
53713
53714
53715
53716
53717
53718
53719
53720
53721
53722
53723
53724
53725
53726
53727
53729
53731
53732
53734
53736
53737
53740
53742
53743
53744
53745
53746
53747
53748
53749
53750
53751
53752
53753
53754
53755
53756
53757
53758
53759
53760
53810
53811
53812
53813
53814
53815
53816
53817
53818
53819
53820
53821
53822
53823
53824
53825
53826
53827
53828
53829
53831
53832
53833
53834
53835
53841
53842
53843
53844
53845
53846
53847
53848
53849
53850
53851
53973
53974
53975
53976
53992
53993
53994
53995
53996
53998
53999
54000
54008
54009
54010
54011
54122
54123
54124
54125
54126
54127
54128
54129
54130
54131
54133
54134
54135
54136
54137
54138
54139
54140
54141
54181
54182
54183
54184
54200
54201
54202
54203
54204
54206
54207
54208
54216
54217
54218
54219
54416
54417
54418
54419
54420
54423
54424
54433
54434
54435
54436
54437
54438
54439
54441
54442
54443
54449
54451
54453
54454
54459
54460
54461
54462
54463
54464
54466
54468
54469
54470
54471
54476
54477
54479
54480
54481
54483
54484
54485
54486
54487
54490
54491
54496
54497
54498
54502
54539
54540
54541
54542
54543
54544
54545
54546
54547
54549
54550
54551
54552
54553
54554
54561
54563
54564
54565
54566
54567
54568
54575
54576
54577
54578
54587
54588
54592
54594
54596
54597
54599
54600
54601
54602
54603
54608
54611
54612
54613
54614
54615
54619
54651
54652
54653
54654
54655
54656
54657
54658
54659
54660
54661
54662
54663
54664
54665
54666
54667
54668
54669
54670
54671
54672
54673
54674
54675
54676
54677
54678
54679
54680
54681
54682
54683
54684
54685
54686
54687
54688
54689
54690
54691
54692
54693
54694
54695
54696
54697
54698
54699
54700
54701
54702
54703
54704
54705
54706
54707
54708
54709
54710
54711
54712
54713
54714
54715
54716
54717
54718
54719
54720
54721
54722
54723
54724
54725
54726
54727
54728
54729
54730
54731
54732
54733
54734
54735
54736
54737
54738
54739
54740
54741
54742
54743
54744
54745
54746
54747
54748
54749
54750
54751
54752
54753
54754
54755
54771
54772
54774
54775
54777
54778
54780
54781
54782
54783
54784
54785
54786
54787
54788
54789
54790
54791
54792
54793
54794
54795
54796
54797
54798
54799
54800
54801
54802
54803
54804
54805
54806
54807
54808
54809
54810
54811
54812
54813
54814
54815
54816
54817
54818
54819
54820
54821
54822
54823
54824
54825
54826
54827
54828
54829
54830
54831
54832
54833
54834
54870
54871
54872
54873
54874
54875
54876
54877
54878
54879
54880
54881
54882
54884
54885
54891
54892
54893
54895
54897
54898
54899
54923
54925
54926
54927
54929
54930
54931
54932
54933
54934
54937
54938
54944
54945
54946
54950
54952
55031
55033
55034
55035
55037
55038
55039
55040
55041
55042
55045
55046
55052
55053
55054
55058
55060
55107
55109
55110
55111
55112
55113
55114
55115
55116
55117
55118
55119
55120
55121
55122
55123
55125
55126
55127
55241
55242
55243
55244
55249
55250
55253
55254
55255
55256
55257
55258
55259
55260
55261
55262
55263
55264
55265
55266
55267
55268
55269
55270
55271
55272
55292
55293
55299
55302
55304
55307
55308
55310
55311
55312
55318
55319
55325
55326
55327
55328
55329
55330
55331
55332
55333
55334
55335
55336
55337
55338
55339
55358
55360
55361
55373
55374
55375
55382
55383
55384
55385
55386
55387
55388
55389
55390
55391
55392
55393
55394
55395
55396
55397
55398
55399
55400
55401
55402
55405
55407
55410
55411
55413
55414
55415
55421
55422
55445
55446
55447
55448
55449
55450
55451
55452
55453
55454
55455
55456
55457
55458
55459
55472
55474
55479
55480
55481
55485
55487
55488
55489
55490
55491
55492
55493
55494
55495
55496
55497
55498
55499
55500
55501
55502
55504
55505
55506
55507
55511
55512
55515
55521
55522
55523
55524
55525
55526
55527
55528
55529
55530
55531
55535
55536
55537
55538
55539
55540
55541
55542
55543
55544
55545
55546
55547
55548
55549
55550
55551
55552
55553
55554
55555
55556
55557
55558
55559
55560
55561
55562
55563
55564
55584
55586
55587
55588
55589
55590
55591
55595
55597
55599
55600
55601
55621
55628
55630
55632
55635
55637
55638
55639
55640
55649
55650
55653
55654
55655
55656
55657
55658
55659
55660
55661
55662
55663
55664
55665
55666
55667
55699
55700
55707
55708
55709
55710
55712
55713
55714
55715
55716
55717
55718
55719
55720
55721
55722
55723
55724
55725
55726
55745
55747
55749
55752
55754
55755
55756
55757
55766
55767
55770
55771
55772
55773
55774
55775
55776
55777
55778
55779
55780
55781
55782
55783
55784
55803
55804
55843
55844
55870
55871
55887
55888
55889
55890
55891
55892
55893
55894
55895
55896
55897
55898
55899
55900
55904
55905
55906
55907
55908
55909
55910
55911
55912
55913
55914
55915
55916
55918
55919
55920
55921
55922
55923
55927
55928
55929
55930
55931
55932
55933
55934
55935
55936
55937
55938
55939
55941
55942
55943
55944
55945
55946
55951
55952
55953
55954
55955
55956
55957
55958
55959
55960
55961
55962
55963
55965
55967
55996
55997
55998
55999
56000
56001
56003
56004
56005
56006
56007
56008
56009
56010
56012
56013
56015
56016
56017
56018
56020
56021
56022
56026
56027
56029
56035
56038
56039
56040
56041
56042
56043
56044
56045
56046
56048
56053
56054
56055
56056
56057
56059
56060
56061
56062
56152
56176
56177
56194
56195
56196
56197
56198
56199
56200
56201
56202
56203
56204
56205
56223
56224
56230
56231
56232
56233
56235
56236
56237
56238
56239
56240
56241
56242
56243
56244
56245
56246
56247
56248
56249
56250
56251
56252
56253
56256
56258
56261
56262
56264
56265
56270
56271
56296
56297
56298
56299
56300
56301
56302
56303
56304
56305
56306
56307
56326
56327
56328
56334
56347
56348
56350
56351
56352
56353
56354
56355
56356
56366
56367
56368
56369
56370
56374
56375
56376
56377
56378
56379
56380
56381
56382
56383
56384
56386
56387
56388
56390
56391
56392
56394
56395
56396
56397
56398
56399
56400
56404
56405
56406
56407
56408
56410
56412
56413
56414
56415
56416
56421
56422
56423
56424
56425
56426
56427
56429
56430
56431
56433
56434
56471
56495
56496
56513
56514
56515
56516
56517
56518
56519
56520
56521
56522
56523
56524
56531
56533
56542
56543
56549
56550
56551
56552
56553
56554
56555
56556
56557
56558
56559
56560
56561
56562
56563
56564
56565
56566
56567
56568
56569
56570
56571
56572
56575
56577
56580
56581
56583
56584
56589
56590
56615
56616
56617
56618
56619
56620
56621
56622
56623
56624
56625
56626
56639
56641
56645
56646
56647
56653
56744
56745
56746
56747
56748
56749
56750
56757
56758
56759
56760
56761
56762
56764
56765
56766
56767
56800
56801
56802
56803
56804
56805
56806
56807
56808
56809
56810
56811
56812
56813
56814
56815
56816
56817
56860
56861
56862
56863
56864
56865
56866
56867
56868
56869
56870
56871
56872
56873
56874
56875
56876
56877
56878
56879
56880
56881
56882
56883
56884
56885
56886
56887
56888
56889
56890
56891
56892
56893
56894
56895
56896
56897
56898
56899
56900
56901
56902
56903
56904
56905
56906
56907
56908
56909
56910
56911
56912
56913
56914
56915
56916
56917
56918
56919
56920
56921
56922
56923
56924
56925
56926
56927
56928
56929
56930
56931
56932
56933
56934
57048
57049
57050
57051
57052
57053
57054
57055
57056
57057
57058
57059
57060
57061
57062
57063
57064
57065
57066
57067
57068
57069
57070
57071
57072
57073
57074
57075
57076
57077
57078
57079
57080
57081
57082
57083
57084
57085
57151
57152
57153
57154
57155
57156
57157
57158
57159
57160
57161
57162
57163
57164
57165
57166
57167
57168
57169
57170
57171
57172
57173
57174
57175
57176
57177
57178
57179
57180
57181
57182
57183
57184
57185
57186
57187
57188
57189
57190
57191
57192
57193
57194
57195
57196
57197
57198
57199
57200
57201
57202
57203
57204
57205
57206
57207
57208
57209
57210
57211
57212
57213
57214
57215
57216
57217
57218
57287
57288
57289
57290
57291
57292
57293
57294
57295
57296
57297
57298
57299
57300
57301
57302
57303
57304
57305
57306
57307
57308
57309
57310
57311
57312
57313
57314
57315
57316
57317
57318
57319
57320
57321
57322
57323
57324
57390
57391
57394
57395
57396
57397
57398
57414
57415
57416
57417
57418
57419
57420
57421
57422
57423
57424
57425
57426
57427
57428
57429
57430
57431
57432
57433
57434
57435
57436
57437
57438
57439
57440
57441
57442
57443
57444
57445
57446
57447
57448
57449
57450
57451
57452
57453
57454
57455
57456
57475
57476
57477
57478
57599
57600
57601
57602
57603
57604
57605
57606
57607
57628
57634
57637
57638
57639
57640
57641
57642
57643
57644
57645
57646
57647
57648
57649
57650
57651
57652
57653
57654
57655
57656
57657
57658
57659
57660
57661
57662
57676
57677
57678
57679
57680
57681
57682
57683
57684
57685
57686
57687
57688
57689
57776
57777
57778
57779
57780
57781
57782
57783
57784
57785
57786
57787
57788
59796
59797
59798
59799
59800
59801
59802
59803
59804
59805
59806
59807
59808
59809
59810
59811
59812
59813
59814
59815
59816
59817
59818
59819
59820
59821
59822
59835
59836
59837
59838
59839
59840
59846
59848
59941
59942
60153
60154
60156
60157
61314
61315
61316
61317
61330
61331
61332
61333
61334
61341
61342
61343
61344
61351
61352
61353
61354
61355
61356
61357
61358
61359
61360
61361
61367
61368
61369
61370
61376
61377
61378
61379
61380
61381
61388
61389
61390
61391
61392
61393
61394
61395
61396
61397
61398
61467
61468
61469
61470
61471
61472
61473
61474
61475
61476
61478
61479
61480
61481
61482
61483
61484
61485
61486
61609
61610
61611
61612
61613
61614
61615
61616
61617
61618
61619
61620
61621
61622
61623
61626
61628
61629
61632
61634
61635
61638
61640
61641
61642
61643
61644
61645
61646
61647
61648
61649
61650
61651
61652
61653
61654
61655
61656
61657
61658
61659
61706
61707
61709
61721
61722
61723
61725
61726
61727
61728
61729
61786
61787
61788
61789
61795
61796
61797
61799
61800
61801
61802
61803
61882
61883
61884
61895
61896
61897
61898
61899
61900
61901
61903
61915
61916
61917
61919
61920
61921
61922
61923
62021
62022
62023
62024
62026
62027
62028
62034
62035
62036
62037
62038
62075
62076
62077
62135
62136
62137
62138
62140
62141
62142
62148
62149
62150
62151
62152
62167
62168
62169
62170
62172
62173
62174
62180
62181
62182
62183
62184
62221
62222
62223
62355
62356
62357
62362
62363
62371
62372
62376
62377
62378
62379
62380
62381
62382
62449
62450
62451
62452
62453
62454
62455
62456
62457
62458
62459
62460
62461
62462
62463
62464
62465
62466
62467
62468
62469
62470
62471
62472
62473
62474
62475
62476
62477
62478
62479
62480
62481
62482
62483
62484
62485
62486
62487
62488
62489
62490
62491
62492
62493
62494
62495
62496
62497
62498
62499
62500
62501
62502
62503
62504
62505
62506
62507
62508
62509
62510
62511
62512
62513
62514
62515
62516
62517
62518
62519
62520
62521
62522
62523
62524
62525
62526
62527
62528
62529
62530
62531
62532
62533
62534
62535
62536
62537
62538
62539
62540
62541
62542
62543
62544
62545
62546
62547
62548
62549
62550
62551
62552
62553
62554
62555
62556
62557
62558
62559
62560
62561
62562
62563
62564
62565
62566
62567
62568
62569
62570
62571
62572
62573
62574
62575
62576
62577
62578
62579
62580
62581
62582
62583
62584
62585
62586
62587
62588
62589
62590
62591
62592
62593
62594
62595
62596
62597
62598
62599
62600
62601
62602
62603
62604
62605
62606
62607
62608
62609
62610
62611
62627
62628
62630
62631
62633
62634
62662
62663
62664
62666
62667
62668
62669
62670
62671
62672
62673
62674
62675
62676
62677
62678
62679
62680
62681
62682
62683
62684
62685
62686
62687
62688
62690
62691
62692
62694
62695
62696
62697
62698
62703
62704
62705
62708
62709
62710
62711
62749
62750
62751
62752
62753
62763
62764
62765
62769
62795
62796
62797
62798
62800
62801
62802
62803
62805
62806
62807
62813
62814
62815
62816
62884
62885
62886
62887
62889
62890
62891
62892
62894
62895
62896
62902
62903
62904
62905
62908
62909
62910
62911
62913
62914
62915
62916
62918
62919
62920
62926
62927
62928
62929
63031
63032
63041
63042
63043
63044
63045
63046
63047
63048
63062
63063
63064
63065
63066
63067
63068
63069
63070
63071
63072
63073
63074
63075
63076
63081
63083
63084
63085
63086
63087
63088
63089
63090
63091
63092
63093
63094
63095
63096
63097
63099
63100
63101
63102
63104
63106
63107
63109
63110
63111
63112
63117
63118
63121
63129
63130
63131
63132
63133
63134
63135
63136
63137
63138
63139
63145
63146
63147
63148
63150
63151
63152
63153
63154
63155
63156
63157
63158
63159
63160
63161
63162
63163
63164
63165
63166
63167
63168
63169
63170
63171
63172
63173
63174
63175
63176
63177
63178
63179
63181
63182
63183
63184
63185
63190
63191
63194
63195
63196
63198
63199
63200
63205
63206
63209
63215
63216
63219
63220
63221
63222
63223
63224
63225
63226
63227
63233
63234
63235
63236
63238
63239
63240
63259
63260
63262
63263
63264
63265
63266
63267
63268
63269
63280
63281
63282
63283
63284
63285
63289
63290
63291
63292
63293
63294
63295
63296
63297
63298
63300
63301
63302
63304
63305
63307
63308
63309
63310
63311
63312
63317
63318
63319
63320
63321
63322
63324
63325
63327
63328
63329
63330
63331
63336
63337
63338
63339
63340
63341
63343
63344
63346
63383
63384
63385
63386
63387
63392
63393
63394
63395
63396
63397
63398
63399
63400
63401
63402
63403
63404
63406
63408
63409
63410
63411
63412
63413
63418
63419
63420
63421
63422
63423
63424
63425
63426
63427
63428
63429
63430
63432
63434
63435
63436
63437
63438
63439
63444
63445
63446
63447
63448
63449
63450
63451
63452
63453
63454
63455
63456
63458
63460
63513
63514
63515
63524
63530
63531
63533
63534
63535
63536
63537
63542
63543
63544
63547
63548
63582
63589
63591
63594
63595
63596
63598
63599
63600
63606
63607
63611
63612
63613
63614
63615
63616
63617
63618
63619
63620
63621
63622
63623
63624
63625
63657
63658
63665
63666
63667
63668
63670
63671
63672
63673
63674
63675
63676
63677
63678
63679
63680
63681
63682
63683
63684
63703
63705
63708
63709
63710
63712
63713
63714
63720
63721
63725
63726
63727
63728
63729
63730
63731
63732
63733
63734
63735
63736
63737
63738
63739
63758
63759
63797
63821
63836
63837
63838
63839
63840
63841
63842
63843
63844
63845
63846
63847
63848
63849
63850
63851
63852
63853
63854
63855
63856
63857
63858
63859
63860
63861
63862
63863
63864
63865
63866
63867
63869
63870
63872
63873
63874
63875
63876
63881
63882
63883
63886
63887
63921
63928
63930
63933
63934
63935
63937
63938
63939
63945
63946
63950
63951
63952
63953
63954
63955
63956
63957
63958
63959
63960
63961
63962
63963
63964
64046
64047
64054
64055
64056
64057
64059
64060
64061
64062
64063
64064
64065
64066
64067
64068
64069
64070
64071
64072
64073
64075
64077
64080
64081
64082
64084
64085
64086
64092
64093
64114
64115
64116
64117
64118
64119
64120
64121
64122
64123
64124
64125
64126
64127
64128
64147
64148
64186
64210
64225
64226
64227
64228
64229
64230
64231
64232
64233
64240
64242
64253
64254
64261
64262
64263
64264
64265
64266
64267
64268
64269
64270
64271
64272
64273
64274
64275
64276
64277
64278
64279
64280
64282
64284
64287
64288
64289
64291
64292
64293
64299
64300
64321
64322
64323
64324
64325
64326
64327
64328
64329
64330
64331
64332
64333
64334
64335
64348
64350
64354
64355
64366
64368
64379
64380
64387
64388
64389
64390
64391
64392
64393
64394
64395
64396
64397
64398
64399
64400
64401
64402
64403
64404
64405
64406
64408
64410
64413
64414
64415
64417
64418
64419
64425
64426
64447
64448
64449
64450
64451
64452
64453
64454
64455
64456
64457
64458
64459
64460
64461
64474
64476
64480
64481
64519
64543
64558
64559
64560
64561
64562
64563
64564
64565
64566
64631
64632
64633
64634
64635
64636
64637
64638
64639
64640
64642
64647
64650
64651
64652
64653
64654
64655
64656
64658
64659
64660
64661
64662
64663
64664
64665
64666
64767
64768
64769
64770
64771
64772
64773
64774
64775
64776
64777
64778
64779
64780
64781
64782
64783
64784
64785
64786
64787
64788
64789
64790
64791
64792
64793
64794
64795
64796
64797
64798
64799
64800
64801
64802
64803
64804
64805
64806
64807
64808
64809
64810
64811
64812
64813
64814
64815
64816
64817
64818
64819
64820
64821
64822
64823
64824
64825
64826
64827
64828
64829
64830
64831
64832
64833
64834
64835
64836
64837
64838
64839
64840
64841
64842
64843
64844
64845
64846
64847
64848
64849
64850
64851
64852
64981
64982
64983
64984
64985
64986
64987
64988
64989
64990
64991
64992
64993
64994
64995
64996
64997
64998
64999
65000
65001
65002
65003
65004
65005
65006
65007
65008
65009
65010
65011
65012
65013
65014
65015
65016
65017
65018
65019
65020
65021
65022
65023
65024
65025
65026
65027
65028
65029
65030
65031
65032
65033
65034
65035
65036
65037
65038
65039
65040
65041
65042
65043
65044
65045
65046
65047
65048
65049
65050
65051
65052
65053
65054
65055
65056
65057
65058
65059
65060
65061
65062
65063
65064
65065
65066
65067
65068
65069
65070
65071
65072
65073
65074
65075
65076
65077
65078
65079
65080
65081
65082
65083
65084
65085
65086
65087
65088
65089
65090
65091
65092
65093
65094
65095
65096
65097
65098
65099
65100
65101
65102
65103
65104
65105
65106
65107
65108
65109
65110
65111
65112
65113
65114
65115
65116
65117
65118
65279
65280
65281
65282
65283
65284
65285
65286
65287
65288
65289
65290
65291
65292
65293
65294
65295
65296
65297
65298
65299
65300
65301
65302
65303
65304
65305
65306
65307
65308
65309
65310
65311
65312
65313
65314
65315
65316
65317
65318
65319
65320
65321
65322
65323
65324
65325
65326
65327
65328
65329
65330
65331
65359
65360
65361
65362
65363
65364
65507
65508
65509
65510
65511
65512
65513
65514
65515
65516
65517
65518
65519
65520
65533
65534
-3945
-3946
-4038
-4039
4063
4068
4188
4232
4287
4288
4293
4294
-4351
-4352
-4398
-4399
-4563
-4605
-4609
-4610
-4614
-4634
4642
-4661
-4665
4673
-4692
-4694
-4717
-4718
-4721
-4722
-4798
-4802
4804
4805
4806
-4825
4835
-4852
-4855
-4860
-4876
-4880
4957
4958
4962
-4983
5228
-5241
-5256
-5257
-5288
-5291
-5292
-5295
5330
-5344
-5345
-5445
-5446
-5447
-5450
-5451
-5452
-5455
-5456
5462
5465
5468
-5518
-5519
-5571
-5572
5583
5586
-5590
5593
5607
5610
5613
-5617
5620
5634
5677
5680
-5684
5687
5701
5704
5708
5710
-5715
5728
5831
5832
5843
5845
5857
5858
5869
5871
5882
5883
5884
-5891
-5892
5895
5897
-5906
-5907
-5924
-5925
-5975
-5980
-5984
-6002
-6005
-6020
-6023
-6041
-6042
-6043
-6046
-6049
6067
6068
-6071
-6076
6094
6095
-6098
-6103
-6106
-6107
-6108
-6126
-6128
-6129
6134
-6139
-6147
-6155
-6169
6171
6172
6174
6176
6182
-6188
6238
-6242
-6246
-6258
-6260
-6261
6266
-6271
-6279
-6287
-6301
6303
6304
6306
6308
6314
-6320
6370
-6374
-6378
6388
-6398
-6401
-6403
-6404
-6436
-6437
-6452
-6453
-6466
-6471
-6472
-6488
6506
6507
-6510
-6515
-6520
-6529
-6539
6549
-6554
-6555
6563
6564
6567
-6577
-6578
-6587
-6592
-6606
6608
6609
6611
6613
6619
-6625
-6673
6683
-6686
-6693
-6714
6732
6733
-6736
-6741
-6744
-6746
6749
6750
-6754
-6764
6774
-6779
-6780
-6787
6793
-6803
-6804
-6810
6814
6815
6817
6819
6825
-6831
-6838
-6852
-6899
6909
-6912
-6925
-6926
-6932
-6933
-6979
-6982
-6989
-6991
-6992
-6993
-6998
-7000
-7003
-7014
-7016
-7017
7022
7024
7027
7072
7079
-7085
-7087
-7088
-7091
-7092
-7114
-7123
-7125
-7128
-7137
-7138
-7140
7147
7149
7152
-7238
-7241
-7245
7254
-7258
-7263
-7264
-7265
-7266
-7404
-7410
-7428
-7429
-7438
-7440
-7441
-7443
-7458
-7459
7464
-7499
-7500
-7514
-7517
-7523
-7524
-7525
-7527
7534
7538
-7572
7584
7588
-7628
-7631
-8607
-8608
8612
8616
-8620
-8621
-8625
8630
-8634
-8642
-8649
-8653
-12353
-12354
12471
12493
12494
-12539
12652
12736
-12869
-12886
-12887
-12891
12894
12895
12896
-12943
-12944
-12990
-13063
13068
13071
-13091
-13112
-13116
-13117
-13118
-13122
-13140
-13163
-13164
-13167
-13168
-13171
13178
13181
-13198
-13217
-13257
13265
13268
-13287
-13310
-13314
-13316
-13319
13379
13381
13382
13386
-13409
-13531
-13547
-13548
-13554
-13556
-13558
-13602
13603
13647
13649
-13663
-13665
-13743
-13744
13816
13818
-13822
13825
13837
13839
13842
-13846
13850
13852
13866
-13913
13953
13955
-13959
13962
13974
-14021
-14022
-14023
-14026
-14027
-14028
-14031
-14032
14038
14041
14044
14121
14125
14127
-14132
14145
-14150
-14170
-14181
14189
14190
-14197
-14198
-14200
-14205
-14214
-14215
-14229
-14230
14237
-14242
-14243
-14255
-14256
-14305
-14309
-14313
-14329
-14331
-14345
-14348
-14352
-14354
-14355
14361
14364
-14367
-14375
-14384
-14396
14398
14399
14400
14403
14410
-14418
14467
-14471
-14475
-14497
-14498
-14501
-14503
-14514
14521
14522
-14528
-14530
-14531
-14541
14549
14550
-14554
-14560
-14561
-14563
-14564
-14565
14578
-14589
-14592
-14595
-14596
-14626
-14627
-14639
-14640
-14656
-14658
-14659
14664
-14668
-14675
-14682
-14696
14698
14699
14701
14703
14705
14711
-14716
14768
-14772
-14775
-14788
14799
14802
14803
14805
-14814
-14815
-14825
-14831
-14843
14845
14846
14847
14850
14857
-14865
-14911
14920
-14923
-14929
-14932
-14947
-14957
14964
14965
-14971
-14973
-14974
14976
14977
-14983
-14984
-15002
-15003
15009
-15014
-15015
15065
-15072
-15073
15078
15079
-15094
-15095
-15101
15105
15106
15108
15110
15116
-15121
-15129
-15143
15194
15200
-15203
-15248
-15250
15257
15259
15263
-15269
-15272
-15273
-15277
-15278
-15295
-15296
-15299
-15303
-15305
-15308
15319
15321
15326
15328
15331
15333
-15382
-15390
-15396
-15397
-15406
-15408
-15411
-15422
-15423
-15424
15429
15431
15434
15477
15488
-15492
-15498
-15500
15505
-15508
15516
15519
15807
15809
-15815
-15817
-15818
-15820
15855
15858
15860
15862
-15884
-15911
-15917
-15918
-15925
15951
15954
15956
15977
-15990
-15992
-15994
-16020
-16021
16033
16036
16881
16882
16886
16887
-16894
16899
-16903
16907
-16911
-16915
-16922
16927
-20576
-20577
20617
20639
20640
-20762
20897
20976
-21134
-21140
-21141
-21145
21174
21177
-21210
-21211
-21257
-21330
21340
21343
-21358
-21360
-21383
-21384
-21387
-21388
-21410
-21414
-21415
-21416
-21420
-21438
21450
21453
-21465
-21484
21525
21527
21532
21535
-21552
-21562
-21566
-21582
-21585
21594
21597
21627
21628
21631
-21651
21657
-21682
21770
-21788
-21790
-21824
-21826
-21827
21829
-21868
-21874
21877
-21886
-21904
-21905
-22014
-22015
22087
22089
-22093
22100
22108
22110
22113
-22117
22126
22128
22137
-22184
22195
22197
-22201
22204
22216
-22257
-22258
-22259
-22262
-22263
-22264
-22267
-22268
22274
22277
22280
22367
22371
22373
-22378
22391
-22430
-22431
-22445
-22458
22466
22467
-22474
-22475
-22477
-22480
-22484
-22486
22487
-22501
-22502
-22518
-22519
-22531
-22532
-22581
-22585
-22589
-22605
-22607
-22621
-22624
-22627
-22630
-22631
22638
22641
-22643
-22654
-22660
-22672
22694
22695
22696
22699
22706
-22714
22743
-22747
-22751
22758
-22769
-22772
-22775
-22776
-22806
-22807
-22819
-22820
-22849
-22850
-22853
-22855
-22866
22873
22874
-22880
-22882
-22883
-22893
22901
22902
-22906
-22912
-22913
-22915
-22916
-22917
-22931
-22934
-22935
22941
-22944
-22953
-22958
-22972
22997
22998
23000
23002
23004
23010
-23015
23044
-23048
-23051
-23064
-23079
23084
23086
-23091
-23092
-23102
-23108
-23120
23122
23123
23124
23127
23134
-23142
23191
23197
-23200
-23211
-23221
-23233
23240
23241
-23247
-23249
-23250
-23257
-23259
23260
-23274
-23275
-23289
-23290
-23348
-23349
23356
23359
23360
-23369
-23370
-23376
23380
23381
23383
23385
23391
-23396
-23404
-23418
-23464
23474
-23477
-23522
-23524
-23530
23534
23536
-23542
-23545
-23546
23553
-23556
-23573
-23574
-23575
-23577
-23580
-23589
23595
23601
23603
23606
23607
-23659
-23665
-23675
-23676
-23677
-23681
-23683
-23686
-23696
-23697
23706
23708
23711
23759
23765
-23769
-23775
-23777
-23778
-23779
23793
23796
-24082
-24083
24087
-24093
-24095
-24097
-24098
24133
24134
24138
24139
-24153
-24154
24161
-24198
-24200
-24230
24243
24246
24247
-24280
-24282
-24283
-24284
24310
24313
25157
25158
25162
25163
-25170
25175
-25179
25183
-25187
-25191
-25198
-25202
26279
26280
26295
26297
28579
28580
28584
28585
-29064
29088
29089
29096
29097
29100
29121
29126
29128
29130
29131
29134
-29159
-29256
-29280
-29281
-29284
-29285
-29288
29298
29299
29302
-29316
-29319
29329
29330
29333
-29347
-29367
-29371
-29372
-29376
29506
29511
29519
29520
-29584
-29585
-29589
-29593
-29639
29667
29668
29671
29837
29850
29877
29878
-29882
29922
-29939
-29941
-29949
29952
29953
30040
30043
-30047
30050
30052
30065
30067
30071
30073
30075
-30079
30092
30164
30167
-30171
30178
30180
30189
30191
30194
-30198
30205
30207
30216
-30407
-30408
-30409
-30412
-30413
-30414
-30417
-30418
-30419
30424
30427
30430
-30525
-30529
-30532
-30547
-30549
-30562
-30564
30565
30566
-30581
-30582
-30592
-30598
-30610
30611
30613
30614
30616
30618
30626
-30635
-30682
30690
-30693
30700
30701
30703
-30712
-30713
-30720
30725
30727
30728
30730
30732
30740
-30749
-30755
-30767
30815
30821
-30824
30827
-30839
-30843
-30846
-30847
-30875
-30876
-30891
-30892
-30904
-30907
-30908
30915
30917
-30919
-30928
-30934
-30946
30967
30968
30970
30972
30974
30981
-30987
31020
-31024
-31027
-31033
-31036
-31037
31044
31046
-31048
-31057
-31063
-31075
31096
31097
31099
31101
31103
31110
-31116
31149
-31153
-31156
-31175
-31178
-31180
-31190
31197
31198
-31201
-31206
-31207
-31217
31224
31225
-31228
-31233
-31234
-31236
-31237
-31238
31279
31293
31302
31316
31335
31336
31337
31339
-31345
-31362
31380
31381
-31383
-31388
-31390
-31392
-31395
-31397
31398
-31413
31419
-31424
-31425
-31436
-31437
-31448
31466
31467
-31469
-31474
-31476
-31480
-31482
31483
-31498
-31509
-31510
31515
31525
-31531
-31535
-31537
-31542
-31543
-31544
31554
31556
-31601
-31609
-31611
-31614
-31622
-31623
-31624
31628
31634
31636
31639
31640
31687
31695
-31699
-31707
-31709
31713
-31716
31724
31726
-31730
31733
-31738
-31740
-31743
-31752
-31753
31757
31763
31765
31768
31769
-32134
32142
-32156
-32158
-32160
-32161
-32179
-32181
-32193
-32194
-32207
-32208
32222
32224
-32238
-32241
-32242
32251
32252
32255
-32290
-32291
32296
32313
32314
32317
-33064
-33065
33069
33073
-33077
33082
-33086
33091
-33095
33099
-33106
33110
-35559
-35560
35576
35578
-35644
-35656
-35657
35673
35676
-35924
-36022
36059
36063
-37071
-37072
-37075
-37077
-37078
-37185
-37186
-37189
-37191
-37192
-37195
-37249
-37250
-37259
-37260
-37299
-37332
37334
37348
37351
-37389
-37403
-37405
-37461
-37465
-37481
-37482
-37485
37516
37520
-37530
37537
37551
37554
-37577
-37633
-37647
-37649
-37656
-37660
-37676
-37677
-37680
37755
37759
-37774
37793
37797
37801
-37836
-37881
-37933
37939
-37963
-37968
37974
-37998
-38002
38015
-38027
-38028
-38032
-38033
-38171
-38175
-38194
-38299
-38309
-38318
-38335
-38336
-38352
-38353
38357
38395
38398
-38406
38411
38412
38422
-38425
-38426
-38428
-38431
-38440
38450
38465
-38467
-38468
38473
38475
38510
38514
38521
38522
-38526
38537
-38545
-38546
-38550
-38551
-38555
-38556
38562
38565
38568
-38723
-38774
38788
38792
38794
-38803
38812
38815
38819
38821
-38830
38839
-38874
38889
-38901
-38902
-38903
-38912
-38915
38931
38932
-38941
-38942
-38947
38961
38962
-38971
-38972
-38977
-38980
-38981
-38982
-39013
-39014
-39025
-39026
-39044
-39053
-39056
-39087
-39097
-39101
-39102
-39103
-39106
-39113
39122
-39127
39134
-39162
-39165
-39167
-39175
-39177
-39178
-39185
39188
39189
39190
39193
39200
-39208
39256
-39262
39265
-39268
-39271
-39283
-39284
-39306
-39312
-39316
39334
39335
-39341
-39343
-39344
39357
39358
-39367
-39370
-39371
-39376
-39377
-39378
-39391
-39394
-39397
-39399
-39404
-39413
39419
-39456
39458
39460
39462
39464
39465
39467
-39475
-39505
-39507
-39508
-39515
-39523
-39538
39540
-39545
39552
-39580
-39583
-39585
-39593
-39595
-39596
-39603
39606
39607
39608
39611
39618
-39626
-39684
-39693
-39696
-39727
-39737
39760
-39764
39768
-39771
-39775
-39786
-39787
-39809
-39815
-39819
39837
39838
-39844
-39846
-39847
39860
39861
-39870
-39873
-39874
-39879
-39880
-39881
-39894
-39897
-39900
-39902
-39907
-39913
39922
39941
39943
39945
39947
39948
39950
-39958
-39982
-40008
-40010
-40011
-40018
-40028
-40029
-40048
-40049
-40068
-40069
-40088
-40103
-40114
-40116
-40118
40119
-40127
-40132
40140
40142
40144
40146
40148
-40155
-40187
-40201
40228
-40230
-40239
-40246
-40248
-40250
40251
-40259
-40264
40272
40274
40276
40278
40280
-40287
-40319
-40333
40360
-40362
-40371
40379
-40386
-40390
-40398
-40399
40413
40418
40422
-40431
-40432
40440
40443
-40450
-40451
40459
40462
-40544
-40567
41488
41490
41599
41602
43705
-43712
43723
43725
43901
43904
44205
44208
45224
-45228
-45288
45303
45304
45307
-45324
45327
45328
45332
-45358
-45407
-45408
-45431
-45445
-45447
45457
45459
45466
45467
45470
45540
45541
45545
-45557
-45563
-45567
-45583
-45586
45661
45663
45666
45668
45671
45672
45674
-45744
-45745
45762
-45771
-45786
-45788
-45841
-45857
-45860
45886
45890
-45908
-46013
-46015
-46018
-46052
46065
-46077
-46078
-46082
-46083
-46086
46089
46093
-46116
-46304
-46305
-46317
-46322
-46323
46324
46331
46335
-46343
46346
46349
46358
46360
46364
46366
46367
-46375
46385
46429
46436
46438
-46445
-46446
-46448
-46451
-46460
46470
46503
46506
-46513
46517
46518
46528
-46674
-46675
-46679
-46680
-46684
-46685
46691
46694
46697
-46765
-46774
46810
46814
46821
46822
-46826
46837
46888
46892
46894
46895
-46904
46915
46964
-46978
-47008
-47022
-47051
-47059
47064
-47085
-47086
-47094
-47098
47107
-47124
-47127
-47129
-47137
-47139
-47140
-47147
47149
47151
47152
47154
47156
47164
-47173
-47203
-47205
-47207
47208
47211
-47218
-47223
47233
47234
47236
47238
47239
47242
-47255
-47282
-47294
47323
-47325
-47333
-47349
-47350
47352
47357
-47363
47367
47368
-47371
-47374
-47386
-47387
-47399
-47414
47438
-47443
47449
47452
-47459
-47462
-47464
-47471
-47473
-47479
47481
47482
47484
47486
47488
47495
-47501
-47534
-47537
-47540
-47542
-47549
-47558
47565
-47597
47598
47600
47602
47604
47605
47607
-47617
-47651
-47653
-47654
-47660
-47674
-47678
-47682
47699
47700
-47703
-47708
-47709
47722
47723
-47730
-47732
-47733
-47738
-47739
-47740
-47783
-47784
47799
-47806
-47807
47822
-47829
-47830
47846
47848
-47864
-47865
47870
47880
47889
47892
47897
-47901
47906
-47909
-47914
47925
-47927
-47928
47936
-48005
-48011
-48015
48032
48033
-48035
-48040
48052
48053
-48064
-48066
-48069
-48070
-48071
-48084
-48087
-48090
-48092
-48097
-48103
48112
48132
48133
48135
48137
48138
48141
-48150
-48172
-48198
-48200
-48201
-48208
-48233
-48234
-48242
-48244
48259
48260
-48266
-48268
48283
48284
-48295
-48297
-48300
-48301
-48302
48317
-48325
-48329
-48339
-48340
48353
48357
48361
-48369
-48370
48377
48379
-48385
-48386
48396
48400
-48404
-48406
-48408
48409
-48416
-48420
48428
48429
48431
48433
48434
48437
-48446
-48477
-48491
48518
-48520
-48527
-48619
48650
49569
49570
49642
49645
-51756
-51757
-51769
51776
51778
-51937
-51938
51960
51963
52206
52209
-53343
-53344
-53346
-53349
-53350
-53365
-53403
53417
53418
53422
-53438
53446
53447
53451
-53472
-53499
-53513
-53515
53568
53571
53577
53578
53582
53651
53652
53656
-53668
-53674
-53677
-53679
-53682
53728
53730
53733
53735
53738
53739
53741
53830
-53839
-53854
-53856
-53951
-53953
-53956
53997
54001
-54019
-54119
54132
-54144
-54145
-54149
-54150
-54159
-54161
-54164
-54197
54205
54209
-54227
-54413
-54432
54440
54450
54452
-54456
54465
54467
54475
54478
54482
54488
54489
-54493
54503
54548
-54555
-54556
54560
54562
-54569
-54571
-54572
-54580
-54583
54593
54595
54598
-54605
54609
54610
54620
-54756
-54757
-54761
-54762
-54766
-54767
54773
54776
54779
54883
-54886
-54887
54894
54896
54924
54928
54935
54936
-54940
54951
55032
55036
55043
55044
-55048
55059
55108
55124
-55167
-55172
-55174
-55204
-55212
-55232
-55233
-55235
-55236
-55239
-55245
-55273
-55276
-55278
-55282
-55284
-55285
-55296
55300
55301
55303
55305
55306
55309
-55322
-55352
-55355
-55357
55359
55362
-55368
-55376
55403
55404
55406
55408
55409
55412
-55425
-55432
-55444
55473
-55475
-55483
55503
-55509
55513
55514
-55517
-55520
-55532
-55533
-55568
-55583
55585
-55593
55596
55598
-55604
-55607
-55609
-55612
-55614
-55624
55627
55629
55631
55633
55634
55636
-55646
-55680
-55683
-55686
-55688
-55695
-55704
55711
-55743
55744
55746
55748
55750
55751
55753
-55763
-55797
-55799
-55800
-55806
-55817
-55824
-55826
55841
55842
-55849
-55851
-55852
55868
55869
-55876
-55878
-55879
-55884
-55885
-55886
-55901
-55902
55917
-55924
-55925
55940
-55947
-55948
55964
55966
56002
56011
56014
56019
-56023
56028
-56031
-56036
56047
-56049
-56050
56058
-56124
-56133
-56135
56150
56151
-56157
-56159
56174
56175
-56186
-56188
-56191
-56192
-56193
-56206
-56209
-56212
-56214
-56219
-56225
56234
56254
56255
56257
56259
56260
56263
-56272
-56294
-56320
-56322
-56323
-56330
56349
-56357
-56361
-56371
-56372
56385
56389
56393
-56401
-56402
56409
56411
-56417
-56418
56428
56432
-56443
-56444
-56452
-56454
56469
56470
-56476
-56478
56493
56494
-56505
-56507
-56510
-56511
-56512
-56525
-56528
-56530
56532
-56538
-56544
56573
56574
56576
56578
56579
56582
-56591
-56599
-56613
56640
-56642
-56649
-56743
56763
-57690
-57691
-57789
-57790
-57815
-57816
59847
-59928
-59932
59943
60155
60158
-61323
-61324
-61337
-61338
61340
-61349
-61364
-61366
-61373
-61374
-61386
-61401
-61403
-61435
-61436
-61464
61477
-61490
-61491
-61495
-61496
-61514
-61515
-61559
-61560
61624
61625
61627
61630
61631
61633
61636
61637
61639
-61703
61708
61720
61724
61794
61798
-61811
-61861
-61865
61902
61914
61918
62025
62029
-62046
-62054
-62058
-62132
62139
62143
-62160
-62164
62171
62175
-62192
-62200
-62204
-62359
-62360
62361
-62366
-62374
-62375
-62404
-62405
-62420
-62421
-62436
-62437
-62612
-62613
-62617
-62618
-62622
-62623
62629
62632
62635
-62644
-62655
62665
62689
62693
-62700
62702
62712
-62743
-62745
-62746
-62755
-62758
62770
-62779
-62786
-62788
62794
62799
62804
-62809
62817
62883
62888
62893
-62898
62906
62907
62912
62917
-62922
62930
-63034
-63050
-63077
-63078
63082
63098
63103
63105
63108
-63114
63119
63120
-63123
-63127
63140
-63141
-63142
63149
63180
-63186
-63187
63192
63193
63197
-63201
63207
63208
-63211
-63217
63228
-63229
-63230
63237
-63246
-63247
63261
-63270
-63275
-63286
-63287
63299
63303
63306
-63313
-63314
63323
63326
-63332
-63333
63342
63345
-63352
-63353
-63370
-63371
-63388
-63389
63405
63407
-63414
-63415
63431
63433
-63440
-63441
63457
63459
-63508
-63510
-63517
-63520
63528
63529
63532
-63539
63541
63549
-63565
-63568
-63570
-63573
-63575
-63585
63588
63590
63592
63593
63597
-63608
-63638
-63641
-63644
-63646
-63653
-63662
63669
-63701
63702
63704
63706
63707
63711
-63722
-63752
-63754
-63755
-63761
-63772
-63779
-63781
63795
63796
-63802
-63804
63819
63820
-63826
-63828
-63833
-63834
-63835
63868
63871
-63878
63880
63888
-63904
-63907
-63909
-63912
-63914
-63924
63927
63929
63931
63932
63936
-63947
-64027
-64030
-64033
-64035
-64042
-64048
64058
64074
64076
64078
64079
64083
-64094
-64113
-64141
-64143
-64144
-64150
-64161
-64168
-64170
64184
64185
-64191
-64193
64208
64209
-64215
-64217
-64222
-64223
-64224
-64234
-64237
-64239
64241
64243
-64249
-64255
64281
64283
64285
64286
64290
-64301
-64308
-64320
64349
-64351
-64357
-64360
-64363
-64365
64367
64369
-64375
-64381
64407
64409
64411
64412
64416
-64427
-64434
-64446
64475
-64477
-64483
-64494
-64501
-64503
64517
64518
-64524
-64526
64541
64542
-64548
-64550
-64555
-64556
-64557
64641
64657
)


// ************************************************************************* //
